1000 5000
128 346
658 980
649 67
783 275
138 380
601 581
934 582
547 169
420 641
421 830
285 998
753 791
557 348
791 643
343 238
322 352
114 757
941 231
95 39
616 956
704 995
329 120
393 104
131 238
595 619
735 101
934 365
370 729
965 328
418 806
932 126
958 63
669 137
199 393
52 599
867 550
226 241
512 761
679 120
291 918
504 527
775 718
424 273
158 844
83 360
981 5
462 325
66 260
672 943
95 218
549 701
211 687
564 278
411 839
710 301
591 693
182 942
899 978
971 450
209 54
818 750
168 182
832 970
643 398
635 797
56 113
281 411
513 861
87 701
16 576
18 124
321 212
909 617
39 156
426 790
123 36
43 323
737 701
122 557
890 134
763 464
774 567
164 626
355 145
998 406
584 940
477 750
756 400
919 377
58 622
145 256
220 238
694 739
961 405
182 147
56 271
596 654
366 809
121 879
696 995
537 684
283 215
886 79
227 548
946 582
931 614
616 322
113 509
926 819
307 246
302 238
634 173
66 846
382 985
168 369
69 557
417 807
355 647
471 545
435 985
41 262
300 197
54 100
1 921
131 213
151 926
347 967
957 942
247 895
140 396
744 988
976 768
356 620
265 573
700 454
788 813
559 918
899 830
468 924
456 653
410 162
543 879
408 552
113 550
835 435
873 598
771 312
22 321
604 858
871 572
85 697
260 17
579 859
785 866
939 946
49 513
735 907
823 44
912 177
704 176
39 680
712 750
634 507
755 256
70 528
145 97
210 803
654 995
946 533
131 553
851 352
153 841
781 653
54 927
844 999
482 75
854 397
928 816
149 999
253 154
940 514
480 197
141 840
190 239
369 724
511 931
279 649
102 955
621 385
485 993
468 676
550 660
730 675
468 452
174 153
419 524
348 102
634 140
422 377
214 159
433 528
660 400
341 640
873 198
724 746
608 417
392 707
193 602
928 856
725 801
977 872
569 158
193 41
982 969
17 813
483 275
457 50
523 639
106 726
332 98
696 326
278 626
145 183
929 227
138 512
353 79
691 357
541 104
542 185
950 794
512 151
952 151
978 321
241 352
603 942
305 831
655 479
786 565
651 363
670 841
863 335
430 812
81 430
607 708
516 929
983 471
722 988
213 551
290 422
714 927
568 288
995 30
310 888
145 557
426 948
800 792
984 531
649 977
225 980
684 435
212 734
616 209
189 101
664 838
959 515
970 882
726 398
197 127
381 488
376 401
515 875
418 560
604 155
25 112
502 647
931 830
111 466
203 11
839 728
9 629
150 834
13 204
606 791
569 758
230 272
578 840
546 781
962 309
163 74
70 700
599 40
795 115
131 627
800 614
454 547
534 719
185 335
39 815
256 156
168 376
687 150
21 539
301 18
456 904
248 848
310 118
898 267
442 309
622 899
352 306
668 978
250 274
796 668
719 378
867 611
492 249
125 424
624 624
785 773
87 772
522 533
685 901
902 788
963 476
240 125
763 424
551 408
464 521
719 873
895 812
638 811
242 748
78 571
377 717
883 557
125 814
514 427
899 784
63 831
940 327
3 184
648 999
759 217
656 300
46 188
183 509
814 526
862 403
496 971
315 967
375 141
611 411
950 117
374 588
988 635
111 883
594 633
910 463
892 400
713 114
693 893
388 811
608 961
94 327
94 797
989 937
870 920
82 236
755 455
393 533
414 604
410 171
447 354
942 348
326 16
731 413
982 634
635 272
912 560
857 776
427 683
747 171
121 187
448 150
420 937
625 369
95 17
504 672
989 979
800 589
585 47
827 974
109 57
150 45
478 641
638 313
948 983
501 11
103 675
352 922
998 802
842 271
428 956
208 755
80 641
468 719
633 361
875 481
375 628
4 550
704 183
636 402
231 443
127 707
258 865
818 600
131 102
399 590
828 316
652 137
554 305
287 155
544 123
616 641
961 490
38 821
691 493
83 241
751 808
678 625
306 554
267 431
401 364
567 963
916 192
988 124
816 810
464 919
436 448
225 630
68 552
243 294
307 400
169 344
269 225
663 204
144 9
368 338
156 595
671 550
94 687
334 166
52 285
952 914
124 695
284 767
398 317
836 919
769 182
399 263
4 953
794 45
311 851
439 208
208 150
66 188
149 785
748 251
934 386
127 141
32 825
87 351
570 626
548 78
778 835
435 711
23 188
880 216
595 29
254 607
280 519
234 38
854 343
797 109
1 875
695 979
252 85
667 743
442 425
60 924
919 322
874 782
107 487
440 796
547 177
850 277
64 892
143 212
873 657
655 615
235 155
240 39
402 496
119 497
701 3
508 864
757 499
724 584
573 691
740 273
460 878
625 723
786 426
201 837
994 859
560 864
67 688
401 882
754 281
86 494
729 908
258 678
914 760
783 454
505 181
348 461
76 256
825 441
686 782
118 492
976 772
956 824
119 303
89 952
754 244
844 195
54 176
120 470
127 636
38 888
413 137
853 950
481 265
558 142
684 807
635 249
27 927
641 518
172 564
510 679
995 214
363 420
229 130
154 633
894 4
674 996
625 803
530 412
154 488
169 530
188 564
345 566
953 517
548 695
450 417
519 843
870 513
326 28
560 946
609 178
677 386
913 788
159 391
598 534
277 485
879 931
520 437
796 989
113 609
971 383
652 735
583 782
103 609
978 160
349 412
653 467
243 508
287 7
513 963
532 915
219 542
991 330
962 643
241 408
445 705
234 8
604 291
932 498
668 75
548 896
47 868
579 618
704 899
203 859
497 537
49 392
891 795
382 849
905 812
627 563
927 1000
251 509
640 289
921 355
930 669
817 936
643 678
48 111
531 436
32 660
194 710
641 654
921 745
787 709
588 354
912 220
713 272
465 130
303 322
37 984
614 17
72 762
590 146
766 106
704 329
524 1
369 245
455 360
458 762
772 449
173 111
686 809
380 976
836 139
511 115
451 561
498 650
347 726
998 841
696 930
187 84
482 665
627 830
561 468
124 289
270 299
565 142
921 558
835 541
959 558
148 739
711 263
819 722
696 174
93 237
930 949
236 669
350 200
880 641
347 812
974 985
644 264
116 465
322 51
32 338
196 19
978 397
769 264
148 143
990 559
402 969
758 150
411 680
991 503
61 949
820 265
631 166
223 600
320 469
852 736
655 20
722 427
248 815
317 558
507 769
230 896
68 149
697 606
889 156
889 906
34 825
590 713
604 275
175 406
582 707
102 627
63 431
869 706
521 449
248 508
342 440
247 520
918 31
250 792
808 831
176 158
742 538
118 699
103 315
507 428
428 165
146 113
101 107
466 813
111 346
940 141
212 719
523 566
238 796
508 513
717 864
692 699
4 659
60 889
583 603
568 814
957 545
647 819
656 153
953 247
604 310
498 955
465 482
313 788
61 485
412 934
111 678
453 87
299 908
485 279
12 851
99 347
73 461
307 836
518 884
488 834
229 794
616 720
876 246
104 616
65 349
830 737
305 934
600 532
794 575
726 80
710 325
91 466
684 286
621 134
525 159
651 432
494 405
395 534
846 569
219 950
323 521
200 731
335 243
407 44
711 453
687 615
385 5
654 241
386 162
242 810
224 79
230 948
302 331
500 439
824 417
866 153
799 820
773 600
680 587
5 804
16 986
661 265
223 339
61 638
242 814
279 149
33 628
935 406
576 128
612 792
236 409
769 536
687 571
829 403
444 301
108 793
951 368
684 564
58 509
261 222
273 179
520 563
936 716
445 668
306 445
963 501
849 983
249 662
30 54
505 900
972 303
124 588
776 868
144 564
893 773
601 983
120 881
694 554
870 8
826 200
209 263
146 524
308 433
135 239
420 445
589 612
970 222
668 433
787 920
831 6
383 899
599 651
813 141
471 982
39 184
390 519
34 983
135 213
788 658
68 807
257 73
545 122
581 147
965 411
22 187
855 275
733 386
568 338
906 469
311 305
312 252
148 461
957 405
249 686
783 915
581 685
350 882
806 114
180 667
426 357
307 579
18 717
52 754
153 587
869 40
783 637
300 226
597 289
17 618
716 407
765 893
701 925
876 539
100 53
267 27
454 185
615 410
859 695
815 114
753 769
137 297
525 281
285 889
98 815
241 425
528 461
726 632
778 847
275 882
464 376
465 667
840 864
788 984
834 343
965 24
712 828
786 944
218 806
193 184
812 534
110 844
704 73
274 686
167 4
802 379
769 914
906 706
244 600
857 149
916 724
128 790
638 500
252 466
870 344
770 989
525 682
954 48
525 355
119 610
181 960
958 476
635 776
758 917
177 193
539 977
817 878
889 971
438 19
392 169
484 940
375 424
803 684
25 280
752 868
910 758
158 45
290 476
81 871
698 171
622 751
748 13
719 846
874 606
147 970
746 377
65 526
785 496
78 440
56 386
207 310
711 307
778 507
708 521
666 213
446 399
102 600
961 912
752 251
884 446
479 924
1 148
574 774
139 739
468 359
337 346
89 262
360 878
96 665
286 591
684 467
924 379
277 505
870 529
57 465
120 660
416 936
879 668
835 856
537 45
897 262
409 913
361 485
156 389
685 422
599 793
612 782
204 997
893 794
269 987
742 629
31 998
420 709
184 224
401 544
500 344
849 657
62 59
235 854
402 355
647 640
487 513
151 788
439 939
517 77
196 477
291 715
284 987
174 881
581 114
956 254
875 477
12 831
159 412
170 254
214 417
411 781
211 698
487 817
818 335
916 860
964 944
493 260
141 144
324 395
521 380
223 173
551 388
324 712
428 497
963 862
246 400
81 708
95 749
456 839
15 960
565 568
260 654
808 155
441 382
653 305
386 576
669 193
528 246
127 841
648 598
355 944
126 352
142 273
988 643
986 70
161 562
858 777
817 656
462 724
460 95
261 813
311 117
855 847
932 910
985 693
418 903
453 828
123 306
822 787
537 578
325 369
555 873
421 313
445 848
321 383
725 635
861 164
517 721
913 12
81 469
511 812
510 631
938 429
803 767
716 853
564 377
797 207
865 977
295 976
265 443
817 974
722 120
390 499
820 114
748 559
659 379
808 565
858 987
28 254
746 931
466 937
454 333
687 349
838 560
259 859
637 360
143 554
774 250
863 867
468 91
725 721
290 49
265 311
72 420
904 52
544 398
155 729
452 945
561 225
259 317
507 975
318 352
225 882
815 647
813 978
371 647
591 783
288 836
3 171
506 306
406 236
161 205
382 956
768 463
414 819
663 986
194 306
442 626
337 665
87 966
322 703
833 727
892 279
397 424
643 169
224 750
396 509
444 370
94 600
875 968
865 163
913 656
49 855
471 772
29 359
76 745
739 385
103 116
814 34
565 291
52 329
821 824
568 84
372 474
553 933
584 202
327 256
204 655
637 352
955 474
140 832
727 362
783 893
449 203
458 657
408 773
681 889
413 531
409 149
600 904
338 714
343 568
242 745
542 33
16 775
823 467
275 309
151 985
775 153
611 762
880 426
292 426
487 666
965 242
973 446
543 245
954 837
562 584
435 890
986 476
347 215
923 522
19 555
931 281
698 181
611 628
191 972
260 74
504 693
225 639
252 890
260 236
103 510
762 59
150 763
741 357
57 243
126 494
908 336
154 55
977 731
253 137
796 113
465 188
978 777
728 408
883 605
991 184
600 96
871 518
718 544
710 47
948 364
998 818
748 448
378 413
149 964
950 31
637 952
794 770
216 150
940 187
259 941
230 637
558 838
798 40
51 106
854 871
429 632
345 492
439 897
396 243
456 940
383 943
502 644
90 333
223 227
301 6
684 315
858 79
812 910
908 60
859 721
563 975
175 610
791 12
213 639
67 787
809 913
935 845
258 276
296 702
500 75
465 785
636 211
649 30
104 276
573 763
224 606
650 954
755 818
385 658
874 934
945 630
122 274
783 140
855 239
606 449
766 103
56 634
997 921
430 394
368 436
198 402
782 735
702 965
130 185
34 209
926 289
520 552
294 380
428 451
732 25
876 769
219 328
356 749
909 363
881 284
268 964
902 485
323 881
595 594
659 275
294 662
299 213
838 387
913 836
267 44
349 522
681 130
284 75
151 27
250 434
173 738
439 712
507 257
624 8
327 737
735 700
956 64
376 506
216 443
667 383
129 658
56 364
385 621
286 811
340 365
589 363
604 953
251 320
192 502
788 107
901 846
450 456
878 778
57 992
857 957
399 608
218 988
851 153
832 839
589 228
24 45
815 143
546 755
467 798
479 638
353 310
327 260
627 330
950 60
685 660
478 733
863 345
76 90
103 414
373 296
122 465
810 387
190 246
654 453
651 249
876 569
24 706
746 46
875 606
653 790
961 842
744 84
689 119
124 230
613 245
323 833
86 21
237 84
179 279
290 933
95 946
369 209
664 755
765 54
13 765
90 92
362 318
782 281
288 537
350 953
331 512
611 297
770 94
922 16
114 218
339 331
142 776
305 403
617 20
36 369
481 547
927 267
414 16
49 686
195 899
634 678
605 655
884 168
321 150
273 283
895 168
890 170
843 426
711 254
881 549
951 432
947 736
577 960
159 694
418 368
639 824
499 9
960 468
542 751
44 971
887 226
413 179
696 255
325 134
970 745
236 874
752 303
800 108
109 515
626 51
735 393
222 125
227 617
879 482
736 197
116 557
191 270
82 468
114 83
614 767
729 54
186 645
740 915
4 658
682 924
902 202
330 344
674 82
433 686
262 703
667 346
432 481
492 698
475 582
606 29
527 882
450 488
692 169
410 485
495 268
454 567
217 949
145 636
500 665
894 234
703 518
216 686
253 147
446 103
802 225
932 777
165 121
231 841
634 112
531 20
255 11
810 355
311 875
670 515
892 180
879 757
588 544
175 308
94 357
541 115
21 665
995 389
161 129
125 742
342 902
812 501
163 142
368 37
660 64
917 977
466 8
807 200
508 967
982 917
269 330
306 683
888 21
14 803
211 507
495 923
837 771
242 388
318 707
696 850
634 122
75 884
233 339
79 377
53 600
462 160
595 795
147 366
13 849
404 759
261 626
83 307
877 155
862 599
388 440
783 884
403 852
719 74
869 227
636 663
420 261
96 597
274 881
536 478
500 909
904 111
600 119
262 147
289 320
299 265
517 523
515 563
699 265
686 23
585 2
859 471
300 228
446 887
418 21
46 273
494 912
818 764
130 964
122 326
973 733
356 174
38 343
529 607
632 151
181 513
622 290
576 931
546 324
875 925
243 85
567 870
635 660
903 133
887 967
596 670
423 408
586 527
82 791
681 553
939 315
9 850
373 832
877 12
648 394
130 893
891 315
991 957
928 984
518 191
334 635
735 937
37 997
723 650
282 466
988 818
154 497
460 443
737 223
700 217
777 119
698 990
722 363
352 154
881 648
528 657
675 580
287 257
418 549
358 288
763 400
797 356
50 691
320 218
535 800
921 802
122 273
90 414
985 710
846 208
684 679
127 833
28 929
884 316
307 110
209 399
782 700
835 593
716 583
737 525
115 404
281 393
206 32
601 235
184 157
376 682
559 176
239 944
158 505
320 317
579 90
343 664
476 653
258 440
76 36
883 182
19 171
91 145
564 142
970 573
312 320
242 863
91 505
661 1000
667 569
86 158
2 905
811 877
281 428
803 114
495 506
447 551
383 959
673 660
639 806
142 30
187 429
36 665
686 582
256 185
910 769
971 620
206 913
481 890
510 564
838 49
893 83
271 635
944 88
194 649
758 284
72 2
245 571
330 895
873 66
271 729
12 137
731 460
534 924
428 269
615 826
324 298
252 851
400 101
666 91
948 382
872 385
329 526
272 184
123 649
372 12
245 766
771 868
604 287
186 796
627 905
136 515
633 345
610 795
583 970
476 861
834 168
440 116
533 666
820 163
728 162
239 746
398 55
887 184
323 270
214 465
600 27
395 331
49 323
869 325
941 13
41 678
946 33
157 60
492 94
220 180
637 83
184 762
399 454
112 342
718 658
9 68
957 564
602 848
30 168
746 724
733 447
175 467
887 900
172 371
390 327
562 17
593 875
780 374
370 503
940 398
976 892
186 983
439 352
765 885
982 159
807 86
718 392
965 910
8 440
287 652
369 269
948 306
907 420
708 423
410 640
655 127
597 86
716 40
956 628
813 652
914 906
646 155
67 486
649 112
178 864
697 765
914 934
550 522
239 242
712 825
638 21
224 220
933 751
960 674
812 167
88 141
687 774
249 433
221 529
561 263
821 239
983 888
674 882
947 675
617 62
609 189
371 969
984 290
281 865
789 35
349 258
279 864
918 28
103 430
161 716
850 43
155 503
305 713
768 144
23 97
814 655
184 930
576 10
679 372
330 228
38 262
75 674
773 117
703 480
20 277
7 195
452 381
894 605
95 847
372 821
139 919
322 151
376 907
32 514
776 976
472 548
386 307
363 181
66 458
970 25
77 892
76 508
305 3
190 929
206 601
164 462
480 965
278 839
905 155
783 968
225 408
796 741
401 792
413 790
950 796
523 953
51 773
783 212
860 963
150 649
554 452
176 73
672 763
468 792
608 345
733 596
652 755
938 231
933 221
786 967
688 78
674 65
549 918
142 553
186 329
522 612
39 816
1000 59
799 292
741 376
120 349
204 741
573 604
664 860
807 529
571 5
789 527
413 407
383 299
122 779
489 304
23 909
886 276
344 805
632 230
675 115
866 131
942 408
846 666
494 994
926 80
716 822
172 593
442 424
747 978
435 507
829 395
238 507
759 410
470 442
566 785
373 950
855 977
533 684
293 783
792 756
42 647
415 620
550 713
505 266
181 316
120 177
559 476
495 921
286 153
469 956
370 494
390 287
622 797
742 422
797 358
319 409
927 934
223 863
341 405
895 33
584 878
641 765
369 751
615 445
743 353
961 601
14 194
74 823
260 429
164 791
984 672
599 393
380 274
883 823
512 555
581 321
351 588
959 761
184 525
901 90
678 977
953 370
387 283
793 388
846 240
763 1000
198 887
989 558
228 354
697 176
692 732
429 524
750 894
190 2
155 190
440 932
323 189
423 503
824 685
544 300
723 601
155 149
724 361
682 390
484 389
770 217
475 745
89 783
232 977
867 824
856 52
542 697
615 464
8 647
637 732
979 649
713 147
991 995
563 678
544 189
317 10
160 3
489 576
773 186
838 751
671 227
92 592
114 22
522 380
949 714
218 491
257 917
407 606
698 216
786 479
362 986
743 970
528 303
557 261
812 798
776 456
489 102
125 299
607 291
885 6
38 212
521 320
235 156
906 626
40 919
29 465
661 726
313 17
414 145
200 359
160 911
333 837
435 94
215 142
908 814
425 46
89 534
216 102
997 141
347 346
710 533
135 298
76 348
215 305
286 193
549 177
546 915
901 994
669 702
246 979
794 495
292 739
354 505
515 970
972 248
688 810
829 221
770 687
495 926
741 591
453 300
59 241
377 45
954 223
354 249
740 922
911 961
94 690
175 224
759 655
639 317
7 766
544 467
355 265
605 75
195 50
91 767
106 218
962 726
1000 623
956 652
535 332
166 849
615 380
625 812
558 934
958 778
478 647
395 647
220 108
270 793
507 664
244 65
189 520
850 93
506 221
813 586
215 585
181 177
752 13
970 714
199 224
832 515
863 397
116 921
58 228
840 203
302 41
385 790
199 16
539 65
653 891
82 625
573 748
709 633
550 966
986 122
4 544
676 540
914 848
385 854
235 960
64 704
757 100
37 9
853 579
780 752
854 936
575 821
217 635
544 18
226 201
699 291
861 83
389 143
756 222
869 581
103 767
973 875
374 574
14 944
526 66
18 206
581 423
66 828
148 961
143 435
379 644
494 130
341 893
246 750
883 971
579 5
81 711
556 45
39 970
544 382
293 254
795 738
566 466
191 332
725 788
602 356
698 778
693 508
523 188
218 548
246 753
479 787
443 669
200 14
929 486
280 735
977 358
80 240
383 65
541 137
610 576
790 834
891 158
459 600
844 678
19 443
793 584
782 868
900 858
891 563
792 960
433 270
799 182
396 371
819 928
581 378
213 892
304 974
281 966
358 679
246 448
243 710
23 200
877 335
458 992
385 520
791 526
155 14
149 640
918 303
35 470
309 395
681 659
427 16
276 722
331 818
204 354
727 348
649 532
1000 405
776 567
841 670
908 776
655 637
550 804
622 847
698 515
509 650
208 297
394 132
196 89
763 983
143 388
645 300
789 38
603 998
188 317
189 58
348 852
100 279
174 221
932 914
905 56
112 431
31 733
699 562
873 653
906 318
482 702
60 814
686 642
456 367
626 773
284 364
15 777
287 539
714 248
622 934
264 726
582 247
381 603
586 936
976 512
449 450
96 685
109 337
523 294
149 987
293 106
413 475
583 50
384 265
921 689
634 533
103 877
319 83
129 631
986 763
686 666
972 727
273 663
370 367
417 685
100 482
9 817
52 207
359 467
270 11
731 447
900 666
292 554
185 32
958 808
812 44
435 210
316 590
668 491
332 674
376 345
664 878
876 187
590 779
519 71
96 623
586 815
208 434
571 28
712 54
670 147
680 218
916 789
658 466
824 103
348 262
280 188
487 98
940 799
386 27
169 59
112 807
106 75
857 597
555 30
682 364
115 42
908 791
703 159
533 927
500 31
425 521
184 750
964 94
731 900
716 339
531 362
553 855
322 521
961 673
740 245
169 491
791 159
868 191
124 210
457 434
655 500
513 202
227 645
586 235
470 198
193 39
591 38
802 235
388 92
79 268
91 594
891 469
969 777
452 535
934 178
342 415
267 899
295 445
179 143
990 295
487 593
771 127
41 283
845 218
316 348
592 337
17 620
498 362
981 702
110 511
875 150
916 251
502 397
840 42
681 473
512 102
493 313
923 586
673 490
143 650
984 634
449 884
259 954
553 259
109 556
973 319
145 846
223 601
578 483
974 632
942 986
286 515
313 257
137 801
688 936
272 512
886 517
41 242
4 367
915 219
647 79
848 421
845 428
79 745
434 225
364 2
453 967
625 342
738 457
998 468
533 783
742 826
544 795
961 469
236 932
928 367
530 569
227 756
932 610
452 399
254 915
2 986
378 728
647 64
729 751
963 52
596 268
450 49
405 275
436 420
556 268
368 194
588 234
971 468
259 773
585 478
490 221
140 311
342 774
282 802
338 551
452 604
200 288
779 691
729 850
792 604
154 67
971 417
422 890
776 176
88 448
908 224
416 569
587 603
780 159
438 370
194 940
26 669
615 318
829 821
265 3
858 206
589 677
268 247
460 837
828 135
273 24
665 474
66 999
99 212
32 89
175 702
821 579
318 222
255 257
686 636
762 120
871 196
947 579
439 371
91 714
757 169
206 60
477 124
651 151
325 860
540 275
485 918
691 479
413 737
234 66
83 26
1 421
367 569
773 34
138 918
155 62
919 879
497 206
766 821
493 290
545 696
38 537
333 398
756 257
400 410
303 379
488 620
947 948
979 932
772 872
414 363
776 727
263 515
265 930
882 573
310 581
966 53
942 981
837 112
414 946
418 941
692 194
919 888
123 445
181 863
983 745
506 13
375 413
794 958
147 510
181 439
544 869
371 599
33 134
795 287
388 303
108 264
754 217
779 38
339 522
764 540
350 904
257 504
925 794
344 717
742 100
449 418
644 624
808 153
375 817
654 510
391 181
968 583
257 714
866 922
531 134
663 309
269 860
845 679
100 805
230 208
423 738
293 439
949 700
980 306
410 677
242 128
598 650
689 333
677 465
409 446
474 237
740 729
910 277
215 686
113 685
202 512
617 603
388 663
981 282
304 154
252 246
53 128
798 265
596 890
97 76
294 954
323 166
990 761
378 906
951 383
788 895
898 419
31 747
266 614
444 638
235 884
112 816
662 272
546 776
612 175
913 409
145 313
174 186
511 63
386 532
730 811
521 73
881 977
786 80
778 555
211 433
756 107
544 411
581 616
176 279
772 991
480 447
61 583
773 927
1 628
963 568
453 110
148 996
433 579
162 166
71 927
403 132
544 668
617 747
489 774
707 549
117 334
207 566
849 716
595 440
251 980
28 354
67 197
783 179
691 976
875 331
857 707
252 772
100 33
836 485
451 739
652 260
365 434
764 255
64 841
475 408
653 295
402 202
256 993
133 143
986 504
248 593
766 364
32 719
417 259
224 702
616 85
45 182
262 480
529 734
329 297
122 7
51 589
893 306
672 985
575 311
468 802
139 192
443 883
14 656
753 308
954 97
248 458
189 25
633 85
93 67
107 716
451 887
369 932
808 614
917 825
476 335
702 901
14 440
558 232
207 529
593 811
559 649
836 40
847 922
996 756
963 911
157 143
106 246
843 377
400 329
840 342
199 785
687 776
629 566
740 785
790 56
866 421
244 660
931 598
481 750
407 475
571 858
925 885
349 148
132 373
181 563
241 172
162 11
124 498
994 899
569 287
386 165
371 366
120 894
207 590
837 696
34 413
236 51
413 61
329 54
357 154
769 689
107 683
989 920
568 125
136 708
353 793
296 457
322 316
200 234
945 721
739 18
508 200
376 61
627 446
14 231
802 514
3 263
417 677
112 643
423 994
838 844
352 748
213 365
374 130
211 190
437 396
785 409
997 277
407 621
363 454
393 313
528 411
390 391
89 487
206 556
288 145
84 959
565 61
809 458
26 249
29 441
506 91
779 735
312 595
569 552
382 27
500 480
946 342
37 887
455 154
236 206
710 473
338 482
173 613
268 939
257 778
204 100
8 673
566 140
192 151
168 368
117 475
786 608
845 335
869 391
600 367
754 68
505 652
541 378
875 551
977 258
786 239
829 335
823 478
371 145
964 964
950 959
90 794
286 76
638 638
44 379
226 273
873 190
701 882
802 268
625 531
862 691
867 98
441 587
870 945
440 637
913 993
749 916
666 882
935 426
939 291
397 422
381 944
428 15
877 801
613 462
679 856
929 893
713 206
834 923
302 919
775 99
171 735
728 67
30 200
852 587
422 104
591 221
438 184
661 156
937 624
279 625
419 190
241 679
197 963
52 323
953 161
262 500
814 705
507 624
42 750
875 689
21 1000
344 52
120 394
62 291
390 745
239 321
383 487
486 68
22 23
406 825
26 212
448 189
64 686
920 819
796 377
933 715
224 693
691 689
551 655
128 117
791 51
527 539
401 586
526 234
679 906
264 997
475 284
258 625
40 630
327 344
911 810
494 251
724 265
766 361
634 189
108 854
226 930
395 218
138 640
133 498
409 179
979 724
98 632
701 973
90 313
85 892
29 998
237 763
818 386
637 111
192 825
101 46
573 289
589 283
828 642
163 657
898 292
817 986
593 81
812 585
342 315
129 620
167 280
574 704
551 53
905 201
165 927
965 430
163 807
254 350
752 289
226 830
124 268
481 525
741 523
455 260
110 264
444 843
885 532
184 491
221 119
659 52
364 958
231 564
546 967
880 459
372 973
305 39
999 578
542 127
77 904
308 980
607 21
119 561
117 368
586 478
267 252
469 923
422 666
632 786
495 966
483 864
72 920
978 119
212 628
92 923
990 416
964 137
708 40
473 608
530 120
193 999
189 861
924 441
625 383
440 559
441 214
622 987
927 740
829 457
846 737
889 687
872 800
378 883
326 777
132 947
849 635
457 151
171 935
484 82
95 994
154 265
405 264
906 516
387 364
273 587
768 533
645 982
233 929
164 450
488 133
575 736
897 914
523 93
231 202
53 760
805 177
375 109
640 398
692 572
763 764
822 584
98 183
529 779
711 830
916 372
150 300
446 980
479 175
575 130
686 30
562 249
779 578
731 686
963 369
553 211
20 675
887 711
245 9
809 311
701 768
569 313
118 357
570 581
783 361
234 399
765 37
840 713
789 12
800 14
866 10
8 314
27 210
60 92
465 717
934 715
646 464
964 48
608 751
344 539
861 729
803 592
1000 36
614 48
369 829
662 643
158 609
376 89
309 380
884 350
825 662
389 904
244 335
713 582
129 199
926 538
166 719
952 114
203 106
451 183
78 667
784 757
87 6
651 278
824 930
800 891
412 697
234 634
834 143
674 123
613 921
930 533
554 444
517 27
314 561
16 905
604 743
771 526
749 902
73 627
993 524
535 404
335 129
228 560
143 981
83 988
783 80
727 571
457 986
174 732
790 559
780 448
366 323
233 305
486 942
704 924
753 59
47 111
457 994
987 68
397 207
691 75
908 43
670 308
965 160
75 548
330 182
183 143
620 638
772 978
306 174
739 862
742 644
676 44
395 984
853 422
238 342
970 219
809 456
115 139
782 721
903 619
512 629
640 947
968 304
760 914
797 859
757 129
535 764
40 415
915 779
380 348
310 718
231 413
439 67
988 21
468 152
578 60
279 109
137 625
182 65
534 105
432 605
241 649
376 456
657 498
602 764
244 472
429 619
249 922
40 103
274 834
839 45
505 434
521 589
359 299
379 30
814 39
580 666
607 524
170 862
600 675
85 484
754 332
300 946
535 783
87 672
62 613
844 300
485 70
336 120
151 229
34 805
666 166
31 322
215 351
983 316
561 347
282 872
546 997
589 531
800 233
6 759
199 431
301 107
527 748
882 921
535 150
404 615
536 33
87 244
130 107
780 475
556 928
796 525
461 534
395 217
872 852
673 793
163 611
30 693
77 448
757 203
958 358
660 87
856 264
728 741
869 579
544 186
707 28
535 682
381 815
374 915
294 658
871 202
877 723
532 558
88 669
816 302
805 178
266 663
505 455
754 462
826 70
63 254
661 436
299 218
367 994
929 93
716 105
241 230
909 869
574 585
316 896
730 344
457 914
458 773
933 692
364 698
301 65
28 764
785 575
418 158
733 409
88 300
985 822
930 549
676 373
493 642
331 680
232 42
401 15
441 995
641 626
625 152
805 658
906 10
354 64
398 911
930 582
629 978
861 942
852 544
761 222
593 196
273 954
350 479
951 793
885 530
609 989
928 520
522 674
361 159
421 672
559 992
860 602
686 464
28 85
665 485
593 490
782 339
289 480
349 649
928 920
951 701
733 900
168 417
792 723
769 582
298 260
348 459
135 548
901 537
806 462
655 444
277 643
161 980
652 113
240 511
363 928
544 581
469 682
407 762
258 949
18 705
461 61
706 136
939 216
9 960
539 327
201 123
430 33
570 344
805 986
374 336
713 916
876 473
615 526
93 888
696 532
473 466
828 504
965 538
992 731
840 851
166 244
284 30
1 943
161 781
941 163
628 891
309 101
675 814
556 811
906 736
731 609
539 516
320 416
806 696
449 542
324 949
535 550
56 741
523 299
678 559
913 987
120 827
863 378
146 416
247 301
375 485
716 504
725 586
145 626
492 450
641 221
143 282
428 753
752 687
383 101
686 161
703 897
251 293
371 855
218 27
537 174
134 127
707 409
922 723
825 805
248 374
642 543
527 384
926 482
492 133
124 859
354 388
672 867
890 676
393 225
542 408
812 135
556 217
446 186
269 883
283 140
667 116
505 104
832 65
419 561
759 298
734 411
589 192
774 500
872 650
951 802
679 365
666 871
969 468
931 73
188 374
292 284
934 11
656 558
481 623
420 770
791 999
898 900
595 596
504 400
191 561
994 454
623 142
708 897
543 624
501 192
856 433
592 947
794 400
34 189
177 673
175 739
954 9
382 557
971 557
309 387
560 191
535 502
763 987
260 291
285 501
466 792
328 401
88 212
556 381
352 792
725 612
535 25
507 667
257 162
333 544
321 808
783 118
933 289
65 163
849 176
309 709
331 856
768 710
406 727
633 269
350 245
458 970
70 373
512 383
178 183
388 835
161 176
346 456
267 282
933 682
503 891
20 366
505 733
431 512
696 899
516 335
872 243
457 112
376 713
761 229
759 602
789 584
385 858
806 81
590 229
669 66
685 742
502 713
829 398
962 505
92 76
294 644
715 563
841 138
50 677
748 815
307 521
528 526
574 484
613 841
480 348
390 576
345 61
570 903
817 341
662 42
88 341
363 731
704 942
627 980
649 306
836 595
755 959
19 529
142 240
447 991
484 384
312 724
88 306
817 67
437 94
202 999
70 250
48 446
66 36
430 213
536 483
529 990
733 886
981 195
379 242
623 539
822 714
323 662
649 673
3 151
686 541
358 226
714 841
5 620
453 942
341 527
715 856
421 372
655 441
65 175
722 502
291 298
800 772
162 694
940 607
209 366
494 740
787 883
736 616
135 785
131 158
450 480
396 193
29 248
787 559
987 727
454 689
396 29
481 71
16 974
239 430
556 383
48 465
15 808
605 638
271 933
948 213
165 280
874 593
522 676
194 954
602 64
99 790
713 758
861 739
947 621
473 47
802 299
407 807
18 979
816 76
487 524
750 12
704 716
116 501
273 390
266 153
724 600
256 710
641 323
171 916
227 243
879 990
94 355
696 293
96 654
170 378
974 938
738 85
494 861
518 601
63 133
373 164
175 967
502 663
151 594
568 182
935 535
874 868
296 866
754 970
375 291
81 192
224 590
898 1000
949 277
112 286
757 223
527 541
543 213
728 776
779 784
371 180
419 16
228 40
781 948
357 468
416 640
480 472
452 371
178 911
428 258
439 235
244 148
662 745
635 366
286 600
762 497
339 109
774 618
410 189
373 765
130 31
496 206
78 718
427 230
83 191
305 100
238 104
574 702
577 238
88 557
355 686
292 657
66 804
907 149
523 232
395 460
620 862
739 640
870 21
115 922
350 462
498 522
240 37
521 570
837 792
474 637
673 502
457 516
233 518
273 947
922 194
112 455
391 973
815 4
860 905
704 537
526 139
302 358
914 159
715 732
358 949
636 628
930 834
295 435
220 695
19 323
515 717
975 600
56 700
775 892
36 245
756 656
893 367
761 910
993 433
983 574
293 761
507 397
511 435
384 64
218 723
995 844
375 148
222 213
889 524
609 379
999 545
159 677
776 177
494 290
971 575
403 131
549 190
390 915
401 552
332 325
61 848
291 85
469 683
944 553
658 392
161 742
154 728
280 600
808 151
685 574
202 6
558 434
142 80
748 510
213 289
123 869
493 720
357 713
424 98
571 554
470 608
736 571
144 388
899 596
183 563
242 615
100 56
640 684
18 455
713 177
357 828
89 854
323 387
449 748
40 651
357 556
906 328
812 29
132 486
905 159
36 60
246 727
806 392
416 986
475 472
719 891
160 669
52 222
150 331
715 400
347 985
222 260
150 944
706 706
256 83
965 274
752 191
39 885
974 552
641 402
840 814
169 83
723 459
969 401
350 83
52 606
199 298
540 797
744 516
744 240
854 605
896 679
100 596
252 337
484 674
822 558
363 565
347 557
291 877
457 544
158 454
311 125
734 317
849 181
837 439
340 906
516 325
69 169
845 37
433 345
780 444
466 96
325 353
243 240
531 30
315 91
687 110
880 385
33 250
197 1000
640 581
888 594
351 980
935 950
794 908
641 372
451 57
281 724
330 958
159 466
486 726
436 157
858 237
628 392
498 182
694 535
771 461
831 17
922 526
500 267
308 787
361 748
42 174
418 17
958 361
684 736
590 600
671 49
64 280
96 535
576 897
729 161
482 640
318 499
104 961
698 482
996 995
990 893
105 38
419 210
248 444
748 521
398 601
613 223
931 397
114 250
602 742
829 280
137 114
28 629
965 960
337 792
579 968
706 75
174 104
567 977
35 336
278 834
529 512
921 595
575 99
945 301
467 320
671 41
990 873
841 546
691 29
355 24
698 177
714 653
418 527
50 400
919 238
328 817
631 344
174 860
356 170
596 217
263 96
324 307
857 879
146 790
569 258
273 905
140 261
118 583
43 837
802 532
786 720
178 955
517 58
314 312
702 982
553 555
979 59
492 937
788 975
448 321
519 567
686 446
72 686
761 674
932 233
952 457
421 442
31 848
498 69
147 705
512 694
517 953
849 718
282 229
255 266
184 96
787 658
52 712
798 507
394 925
422 410
295 396
105 576
373 267
851 443
473 198
450 125
118 209
886 779
347 993
41 523
1000 65
83 848
814 345
176 472
426 433
207 196
976 804
153 941
254 671
38 886
41 538
385 326
955 887
561 599
990 397
159 992
219 282
987 27
763 425
332 775
762 654
354 78
263 979
1000 638
679 444
398 59
267 489
442 412
514 770
933 806
598 485
557 993
955 588
875 967
494 208
822 124
237 277
243 49
581 721
963 392
485 883
165 425
651 162
970 523
801 275
500 953
521 250
87 743
161 335
564 679
367 328
528 898
858 412
106 395
36 530
276 739
856 381
797 136
957 277
41 271
814 31
113 384
538 863
984 567
567 986
408 156
943 972
336 267
101 887
526 46
862 228
730 935
868 775
855 409
345 428
129 463
620 151
949 49
987 192
936 581
829 31
411 747
825 189
191 653
675 254
141 185
467 645
162 839
844 773
555 613
625 852
39 430
934 960
77 392
162 562
613 577
799 418
195 968
720 303
603 28
149 796
902 945
678 501
5 865
6 249
507 809
564 464
149 713
419 172
967 814
985 758
988 923
378 200
453 917
852 433
844 998
144 395
210 190
640 804
533 471
827 624
914 59
232 993
200 819
560 704
447 920
38 575
512 63
602 11
307 825
477 970
642 732
330 742
841 629
483 428
5 571
130 218
18 39
726 752
168 181
803 735
820 649
68 205
90 70
227 331
279 289
97 330
965 541
309 190
741 422
934 319
650 229
754 99
291 576
777 102
454 154
189 683
985 44
792 643
126 642
887 171
757 612
132 277
499 372
698 648
826 191
302 626
11 370
45 642
806 73
338 730
843 858
910 993
827 924
517 385
118 157
140 22
838 575
984 442
463 329
175 473
414 54
344 233
186 422
989 827
396 575
386 713
889 952
629 197
643 314
186 804
215 503
434 746
856 307
167 522
198 972
237 8
985 312
287 917
591 72
497 984
405 2
571 850
549 450
201 370
405 838
674 770
519 251
871 895
514 920
67 639
28 130
526 331
99 892
714 327
226 53
335 131
928 970
205 513
522 14
663 822
517 394
40 38
613 971
145 689
131 663
879 790
82 651
819 717
334 246
808 906
629 62
714 194
735 437
555 320
666 55
901 870
700 44
433 96
127 959
299 577
953 720
361 398
97 386
938 518
678 242
56 874
492 283
190 896
104 278
709 427
510 690
953 124
960 745
321 190
660 374
346 591
609 516
10 67
827 243
533 979
816 979
566 39
17 231
281 167
954 345
965 816
907 102
859 854
547 451
411 349
110 412
754 502
789 417
543 509
661 740
593 66
329 134
385 303
94 82
229 136
197 159
131 23
509 486
735 924
683 142
289 917
346 169
208 575
954 888
1 922
38 71
405 451
835 923
581 80
222 176
893 67
21 685
896 485
920 220
1 203
602 624
563 583
139 492
251 908
912 984
455 591
388 738
376 158
661 73
479 319
407 67
100 935
684 913
552 275
715 449
374 652
341 563
744 423
431 173
303 108
640 532
921 897
287 193
117 755
521 917
867 652
289 929
871 940
690 419
250 508
626 883
998 465
670 581
634 631
885 550
472 916
113 526
619 509
505 409
86 437
798 210
594 814
423 172
966 838
854 188
985 67
920 355
404 747
160 328
235 164
781 755
788 797
9 595
880 402
156 814
348 931
489 978
755 853
396 54
393 534
722 148
93 803
790 479
942 544
513 577
861 379
451 734
147 520
789 990
548 998
561 312
474 345
879 92
724 905
520 404
937 190
579 918
207 950
409 599
519 43
886 161
765 958
352 266
666 931
804 901
698 845
778 111
100 66
902 932
764 863
301 970
889 47
879 454
699 461
261 375
437 290
783 807
980 684
261 421
32 50
245 668
19 981
719 660
588 222
55 681
520 62
584 414
765 125
884 342
268 708
337 25
846 941
389 916
192 100
719 136
592 874
214 802
771 162
639 182
187 158
721 700
111 511
346 471
665 87
270 202
189 594
510 138
56 87
759 160
398 626
165 925
523 424
311 622
387 499
765 791
783 679
210 451
38 917
738 905
298 962
618 72
25 286
946 291
91 722
715 274
970 49
422 669
250 500
288 70
380 715
213 554
624 163
465 620
519 97
773 328
209 731
247 789
364 170
574 87
978 240
411 714
533 14
265 54
810 431
524 546
805 733
778 295
979 625
602 332
811 143
988 515
930 703
636 680
901 135
314 66
174 555
224 911
436 293
970 948
711 393
79 140
51 997
345 977
507 153
312 349
874 926
691 634
691 419
469 569
259 451
810 202
349 195
518 100
183 27
513 63
404 928
223 653
463 776
46 709
348 946
19 209
518 39
130 23
38 654
470 86
481 968
977 347
644 562
749 763
120 815
956 285
85 977
775 45
946 386
198 956
138 11
489 616
800 675
916 427
355 117
594 486
387 904
464 979
311 713
289 52
280 191
466 515
896 147
597 628
700 804
862 782
199 63
262 919
550 996
832 200
852 483
991 611
634 474
745 539
442 47
422 66
802 124
305 105
710 897
196 118
638 944
501 228
281 587
550 578
488 67
917 99
374 95
423 428
936 949
684 173
953 665
775 75
107 978
749 138
942 794
642 121
130 186
618 233
987 292
622 836
975 330
392 689
654 761
317 27
393 160
386 625
713 83
514 182
629 406
31 749
615 13
311 701
888 705
242 767
760 107
370 653
447 559
187 502
558 207
453 440
10 625
94 623
845 46
959 112
501 194
760 943
187 303
5 959
859 509
958 299
386 232
423 770
547 813
453 19
833 303
552 45
761 821
417 464
384 39
502 727
215 84
408 462
791 931
233 841
72 43
693 525
869 260
962 413
619 417
836 220
511 640
636 662
613 27
410 701
673 781
879 528
703 781
900 40
570 549
266 604
850 436
401 860
921 275
273 639
344 674
112 343
645 157
486 471
1 764
815 406
970 65
753 520
778 46
255 912
108 816
948 315
926 172
87 815
990 93
474 361
286 582
237 200
609 736
191 505
694 561
241 182
707 789
564 407
918 111
314 256
191 632
534 311
283 963
114 132
9 461
976 165
484 709
540 936
791 519
210 15
983 932
341 250
299 36
77 707
865 700
208 619
630 839
250 153
928 43
249 46
796 57
544 865
370 76
848 585
618 881
77 855
558 812
713 939
703 699
383 881
948 418
554 457
794 634
539 132
982 423
262 527
857 354
74 537
647 221
343 986
316 758
951 607
439 574
286 385
30 701
992 229
636 580
345 292
688 987
851 845
488 360
305 606
347 584
172 570
906 515
461 975
450 144
532 167
675 501
798 154
135 108
505 174
160 915
972 152
562 197
628 28
318 708
264 498
401 374
946 620
861 121
218 431
202 460
631 114
139 385
573 512
547 954
856 319
442 731
234 92
566 698
846 869
97 674
683 937
425 168
292 484
381 576
947 750
32 522
8 405
904 771
50 82
147 545
640 798
313 472
903 693
669 113
6 287
369 179
231 719
340 817
671 698
726 781
160 1000
517 946
882 514
839 60
355 408
308 869
361 207
610 208
37 373
402 474
87 563
805 420
906 120
75 854
964 1000
35 694
306 209
78 207
406 386
706 238
340 667
876 655
909 77
362 483
14 311
708 960
358 305
215 754
527 447
732 114
273 265
558 939
284 706
881 425
3 453
240 788
799 457
431 324
401 143
647 596
664 982
942 732
588 608
312 450
300 665
962 299
583 716
485 213
934 62
575 641
930 866
450 505
534 870
583 72
429 46
189 352
686 25
79 211
704 972
894 884
220 907
363 421
956 343
821 517
216 164
642 984
397 145
604 346
903 362
240 24
797 536
269 436
631 577
650 408
827 949
977 49
242 418
884 726
784 688
59 138
58 990
390 560
816 19
619 534
403 571
679 429
702 136
817 137
534 986
941 670
115 373
514 282
720 75
169 142
682 228
60 264
889 144
725 813
7 622
810 123
946 833
223 52
9 63
2 230
740 27
101 714
566 806
103 236
168 278
492 461
345 454
922 585
320 463
294 420
171 808
309 233
143 252
252 955
277 742
347 159
948 487
54 249
476 942
972 343
634 544
328 63
176 386
417 621
275 551
355 481
85 408
839 274
766 879
165 42
700 599
447 486
275 364
11 706
303 728
90 786
530 595
410 132
972 18
218 580
676 199
740 279
384 985
18 49
927 795
772 924
755 11
453 806
111 469
696 508
180 350
563 497
903 813
728 390
505 482
372 221
92 706
56 40
593 921
882 816
359 676
824 798
565 246
850 964
926 728
804 580
970 316
414 758
128 274
909 430
345 37
355 140
931 122
835 379
838 881
29 844
568 356
539 21
276 706
292 588
449 776
275 567
222 550
977 373
299 771
284 122
865 614
895 474
385 184
183 315
491 585
543 786
78 244
33 370
953 592
830 730
777 937
397 361
643 171
376 398
985 972
170 837
284 575
685 613
132 723
403 533
843 162
498 541
806 320
642 612
161 46
766 355
938 186
426 636
830 552
295 701
616 581
294 743
287 988
218 32
111 240
518 268
114 851
580 63
405 70
992 36
653 831
996 924
370 619
865 329
57 637
181 618
152 646
259 713
1 997
114 195
956 454
378 668
844 324
951 940
229 907
180 726
460 650
485 350
233 387
330 743
6 753
510 990
688 545
297 376
333 810
780 654
762 284
300 275
656 238
735 411
983 742
779 644
21 894
705 956
130 286
871 373
389 803
481 541
606 366
406 689
681 933
1000
36 155
774 978
519 998
314 580
225 535
434 277
487 517
744 366
758 592
52 311
325 767
419 97
626 523
289 171
778 948
836 482
214 698
977 61
822 846
273 36
981 893
776 486
196 590
160 394
59 187
279 549
107 968
451 544
395 528
370 97
876 903
753 901
343 108
511 712
66 264
125 333
665 639
193 22
827 974
708 992
390 67
368 354
968 944
405 838
656 593
834 127
264 520
689 995
703 212
47 347
821 955
471 679
516 291
164 565
470 991
336 177
617 25
487 990
435 308
359 377
706 943
842 198
195 216
108 753
318 950
946 498
866 661
584 498
819 20
300 708
933 767
573 908
305 447
926 778
659 560
916 788
693 994
238 61
103 201
985 111
728 859
69 928
187 582
5 873
314 44
847 175
791 981
885 610
135 671
437 884
465 539
718 580
416 814
367 134
975 628
856 271
988 453
692 928
201 982
593 834
301 468
740 322
633 935
548 744
747 688
652 376
750 800
859 963
297 985
769 931
149 412
986 578
259 690
54 901
609 916
562 650
744 327
292 531
135 390
318 128
630 378
936 822
286 243
980 883
65 337
121 129
446 370
413 827
358 762
755 864
458 953
714 23
850 32
128 948
158 284
102 146
90 936
261 438
830 647
64 573
992 370
347 116
214 319
49 837
693 552
301 131
992 133
659 180
684 378
30 417
997 727
454 889
663 240
308 195
328 115
554 598
13 17
697 411
255 657
509 271
342 767
259 312
473 421
567 225
147 944
102 169
460 407
929 416
257 800
346 905
813 234
619 637
778 163
907 509
910 59
40 551
100 157
905 429
176 270
327 87
280 257
257 896
332 66
538 939
95 53
175 593
105 195
56 138
679 363
565 726
684 759
94 360
881 790
430 94
732 529
117 749
16 416
214 287
66 627
439 657
290 597
604 957
88 99
596 268
988 335
441 687
454 474
422 644
251 265
694 311
859 5
40 780
788 859
912 757
27 610
759 215
244 711
588 9
954 400
475 591
78 679
175 857
634 391
792 971
518 997
297 874
583 198
489 595
5 359
178 601
131 317
868 157
919 192
797 829
753 385
573 470
20 637
990 625
582 353
765 217
242 467
193 157
494 136
423 402
753 142
628 927
444 116
256 826
380 954
407 53
522 723
55 266
53 374
369 14
318 315
284 28
789 545
184 870
15 8
450 923
962 922
98 375
102 647
174 815
223 725
148 222
865 928
622 335
855 704
773 159
257 340
143 959
79 128
234 23
301 783
383 319
848 133
394 603
394 639
243 804
610 314
138 515
225 991
233 104
235 168
430 946
419 289
571 585
670 401
86 6
874 311
976 469
315 782
620 903
271 544
31 702
817 756
315 145
750 761
78 559
575 831
638 841
161 45
591 630
439 962
481 867
649 881
587 940
805 762
756 190
567 520
629 385
814 869
294 154
987 837
125 963
511 41
31 960
830 429
7 766
907 22
497 884
408 214
948 417
10 264
774 586
607 870
491 230
103 160
606 517
583 715
296 698
662 433
731 604
828 11
480 178
618 458
907 412
598 467
445 522
559 160
367 381
842 558
838 534
475 428
656 625
322 672
497 850
59 378
693 291
807 265
215 112
886 148
58 252
942 991
784 249
769 544
78 37
86 567
115 596
264 67
270 568
317 814
261 521
834 363
120 234
5 508
213 359
243 967
530 363
352 580
104 662
870 405
150 720
226 107
416 904
878 252
285 508
647 232
47 477
184 899
384 637
635 830
243 986
800 432
437 390
728 364
438 453
884 500
542 59
599 933
912 842
263 774
729 422
863 639
52 582
440 192
777 838
89 57
413 360
416 316
673 11
225 592
298 597
226 967
211 423
109 986
17 685
372 128
897 175
884 436
702 888
610 317
389 324
840 872
588 546
471 562
923 174
942 947
999 607
942 60
479 173
164 805
277 245
311 401
385 606
259 372
619 47
413 460
201 478
684 444
975 358
629 884
29 607
16 14
384 548
69 463
412 613
348 721
209 401
192 406
423 135
841 438
345 22
283 511
174 137
491 346
421 516
135 976
165 831
996 882
646 310
190 784
298 279
760 288
291 58
717 907
680 772
582 445
469 248
392 745
413 133
536 16
775 781
984 564
456 235
472 983
179 392
154 870
700 145
524 849
332 332
818 314
992 990
982 582
764 488
922 905
658 174
473 153
237 933
864 21
715 209
454 733
32 182
63 979
532 840
912 700
588 497
913 472
966 729
683 550
15 31
258 932
447 190
323 931
967 423
136 117
955 698
486 699
818 688
724 470
367 395
178 927
32 740
493 402
392 575
569 848
499 234
840 72
768 163
15 470
344 85
897 272
129 136
663 315
716 564
649 755
17 837
863 648
425 721
136 332
928 676
791 185
915 756
930 747
712 939
308 56
264 371
903 594
50 764
616 997
751 471
914 984
304 422
545 775
797 115
433 638
89 438
625 94
81 915
280 935
374 395
99 894
838 393
287 31
44 628
237 340
351 424
510 8
997 705
395 84
926 15
485 702
770 892
763 39
28 558
266 116
383 747
541 167
739 935
887 273
650 621
331 45
676 731
618 349
337 780
815 799
338 786
416 681
924 639
89 984
850 316
540 925
691 891
912 431
654 852
884 582
764 675
464 923
331 943
561 744
939 480
745 728
457 870
558 32
958 818
277 135
805 776
238 303
993 284
579 388
800 490
442 327
975 406
695 504
359 480
686 689
374 442
663 531
745 533
412 783
596 876
472 940
581 151
443 622
290 584
57 362
372 356
759 449
593 853
396 188
113 393
502 657
558 813
919 479
266 996
128 394
152 818
766 431
56 813
523 851
971 971
343 587
119 230
714 243
41 866
890 719
968 581
990 996
552 937
882 1000
326 583
743 89
344 931
964 131
599 603
483 696
358 450
444 914
135 922
422 611
729 95
360 802
881 478
270 814
397 750
918 119
639 81
793 766
998 778
567 559
264 82
462 742
794 922
288 413
334 435
126 779
264 323
399 569
863 900
868 474
798 276
754 198
496 520
649 765
269 921
25 609
847 826
366 259
678 792
748 184
632 931
298 812
681 736
471 386
320 514
167 532
752 444
882 560
372 833
604 70
673 179
383 307
888 463
947 431
24 900
617 172
95 901
115 613
841 793
68 881
228 618
506 108
595 175
448 694
712 830
991 738
643 806
120 812
198 290
423 237
835 999
679 662
927 720
274 941
281 149
655 149
758 159
674 855
592 997
311 479
490 971
668 625
369 109
932 722
373 927
101 534
277 860
844 466
904 902
347 166
831 700
566 85
741 578
517 245
184 242
484 177
775 920
978 74
577 60
479 421
190 281
639 305
265 488
802 851
172 236
549 309
489 332
130 226
173 53
374 271
479 602
969 658
342 656
604 376
206 438
563 112
374 634
817 394
937 241
199 26
263 615
313 113
27 689
702 216
808 975
337 639
604 21
856 957
412 36
980 450
128 700
479 715
682 888
606 664
569 731
663 577
157 407
428 12
989 881
895 313
578 686
206 411
621 752
112 583
853 337
651 925
878 134
242 51
254 754
796 722
838 964
642 354
743 226
471 911
787 250
10 535
623 778
257 736
743 316
725 213
979 111
410 555
334 835
362 378
870 511
86 19
155 594
222 229
186 978
876 892
766 161
353 678
385 424
238 835
405 93
256 660
883 382
671 608
998 191
72 2
168 829
856 246
469 675
818 448
316 237
69 217
397 367
436 856
591 37
723 804
867 149
174 964
563 470
998 815
595 24
421 855
457 432
113 376
349 312
769 628
47 824
562 82
91 104
324 994
602 483
117 33
597 375
103 665
221 359
754 506
450 79
345 364
477 100
681 589
318 459
592 358
921 506
99 484
487 308
532 186
810 657
591 442
795 49
543 346
147 71
7 676
246 149
225 178
893 706
617 227
684 956
980 947
492 572
206 799
868 986
736 476
536 1
816 847
562 991
4 724
330 850
130 279
408 882
136 536
766 291
168 15
417 258
275 809
497 771
597 294
174 491
374 156
6 592
429 325
684 716
227 802
648 39
659 300
711 578
127 599
545 47
17 541
477 494
618 394
170 172
450 161
942 161
307 13
834 498
485 840
809 730
966 527
447 284
13 573
617 141
371 448
845 248
504 232
339 236
571 500
500 125
435 456
516 362
103 632
576 984
780 714
773 886
134 460
782 267
942 352
272 981
785 213
945 566
655 674
381 527
938 846
821 149
38 130
688 365
809 703
206 905
423 261
841 655
38 273
727 250
215 143
609 406
808 528
753 624
16 181
112 110
447 597
115 785
26 473
885 679
689 811
865 768
791 19
201 580
338 750
696 683
826 446
960 417
774 860
151 266
523 435
392 327
9 83
816 978
256 538
965 240
480 985
163 994
61 447
16 28
959 121
726 831
363 865
954 934
998 355
151 383
91 934
363 187
993 711
601 183
963 397
827 178
77 86
356 67
21 473
138 133
876 8
484 905
928 775
454 331
233 51
731 947
276 475
782 284
721 388
227 889
570 129
424 524
64 729
55 767
755 171
876 553
534 805
820 100
