1000 5000
970 3
897 302
954 637
164 732
300 219
607 111
57 784
971 486
833 938
665 674
215 790
683 473
524 623
729 223
152 129
40 586
34 594
722 398
958 540
970 580
716 457
898 346
872 205
614 368
967 871
342 646
177 856
324 184
368 200
234 496
974 850
851 731
21 608
25 46
678 937
72 220
448 981
672 783
756 208
517 418
475 978
561 491
999 246
519 788
930 641
18 495
7 307
316 147
913 24
870 519
552 220
110 504
875 807
486 87
118 304
283 907
495 296
878 556
677 842
376 782
386 159
355 552
7 9
868 242
986 909
646 334
116 707
285 856
804 437
775 413
953 817
811 669
317 931
580 862
692 26
872 706
670 69
407 869
443 712
170 683
785 715
317 899
694 165
890 811
429 464
973 145
855 964
791 190
92 810
411 501
271 888
510 692
840 864
220 718
362 756
486 685
256 113
950 90
994 491
252 130
968 268
337 374
506 19
282 80
582 679
354 827
482 402
695 112
745 388
130 406
347 770
283 439
992 19
821 756
415 96
530 367
447 366
238 795
623 477
419 970
597 475
821 215
308 171
477 724
840 546
831 573
230 494
934 262
105 226
369 972
403 411
864 61
391 250
996 707
553 269
478 304
810 623
174 289
203 343
388 576
272 122
144 413
229 450
74 82
93 610
951 690
718 349
215 671
962 888
517 978
756 367
564 459
930 285
470 865
78 218
939 85
504 501
273 386
417 474
434 723
864 42
175 668
902 788
848 306
201 402
818 361
896 663
844 681
815 493
307 472
623 213
89 804
141 118
740 765
949 519
825 494
151 40
292 79
422 195
997 803
239 812
941 374
543 914
217 529
210 575
767 145
298 252
57 604
86 817
768 549
355 354
491 274
487 815
545 866
312 235
253 706
181 473
947 688
321 630
975 643
378 820
514 925
455 550
172 121
488 377
757 128
952 829
885 992
750 610
118 143
591 406
438 547
316 714
507 319
751 241
495 836
866 898
157 436
368 832
966 762
172 170
997 807
705 51
521 682
660 571
556 526
376 622
405 10
509 473
161 118
572 535
5 314
357 751
225 795
528 141
873 199
862 327
870 962
601 116
919 569
507 101
101 146
756 477
531 946
556 352
297 303
472 424
354 448
464 137
820 893
883 898
232 343
231 541
620 827
105 184
843 945
417 974
179 21
643 930
78 647
243 804
381 43
308 869
395 991
70 121
364 602
22 119
752 135
483 486
344 931
889 220
171 651
973 998
456 313
277 613
52 841
277 735
363 90
44 191
440 263
982 164
18 646
255 227
136 516
356 499
566 695
956 414
514 393
549 823
206 99
591 103
100 875
603 809
139 443
297 114
923 625
40 724
463 441
711 514
95 37
550 759
662 27
221 899
443 840
563 233
786 736
815 646
283 552
804 832
672 108
507 716
971 558
950 808
245 259
874 480
59 127
897 639
576 682
101 936
162 499
887 46
842 547
494 104
673 256
885 552
383 292
522 837
257 600
732 578
732 563
606 589
690 728
36 87
577 769
165 22
550 741
301 358
699 556
163 542
906 183
806 915
708 645
313 212
288 496
85 699
4 506
297 485
91 289
750 371
775 604
545 625
731 409
972 28
39 163
559 443
608 480
872 166
533 44
318 503
487 124
284 299
3 632
513 988
619 287
679 346
397 752
908 233
22 227
642 957
797 174
495 36
412 668
804 172
300 667
44 966
737 185
754 795
133 547
130 295
898 349
805 273
976 3
620 102
23 653
768 648
172 984
911 136
103 367
6 749
806 100
532 948
824 745
227 418
549 716
908 305
607 610
930 761
720 299
888 308
517 214
406 275
380 144
611 42
790 751
126 736
136 275
459 391
573 82
619 782
842 462
382 100
656 23
831 52
898 113
546 782
590 391
354 265
232 39
648 527
974 557
361 509
318 65
62 687
225 936
558 570
314 204
453 649
13 406
45 16
70 335
294 384
901 820
935 734
53 688
801 792
904 672
1000 814
279 505
730 215
597 858
739 937
281 51
736 331
348 215
795 496
16 232
878 673
338 416
608 119
579 910
772 882
624 650
432 13
591 627
239 298
457 19
208 364
329 225
238 85
346 687
151 57
102 288
511 799
309 593
480 858
762 404
83 764
163 709
525 867
921 706
557 798
140 717
798 326
905 924
839 929
827 821
673 514
828 351
821 546
167 593
970 169
670 895
42 891
792 805
418 610
560 934
894 287
469 968
484 561
217 462
779 25
304 74
498 442
815 747
979 726
382 828
143 136
257 63
370 752
164 776
220 394
622 142
583 258
230 693
958 673
382 549
182 761
47 331
146 271
104 342
595 718
80 545
233 748
31 900
585 816
528 841
106 736
155 766
877 737
482 848
169 964
881 927
801 955
109 192
217 574
431 454
770 531
540 175
281 610
566 685
32 43
529 505
693 993
252 1000
244 782
2 428
274 687
62 363
820 835
638 933
486 445
117 770
30 276
480 776
434 388
81 787
45 79
808 499
693 403
226 209
463 950
728 530
782 222
83 180
964 508
520 633
60 284
921 405
972 844
867 561
40 551
743 332
493 53
890 269
337 310
258 521
987 991
412 483
693 665
394 817
982 640
888 44
827 419
754 960
398 998
364 1
899 382
139 391
770 830
453 374
810 420
801 70
331 818
9 463
170 713
532 504
522 549
573 389
490 914
404 398
348 742
734 584
192 32
694 119
511 241
718 481
944 561
814 287
596 979
13 905
479 983
553 834
736 565
873 404
584 521
735 568
737 96
125 235
389 487
1 275
341 91
18 916
998 955
908 796
871 774
922 687
868 852
333 345
179 480
938 847
143 70
368 620
96 375
582 362
248 634
551 388
271 142
120 49
773 564
478 665
869 39
537 716
566 707
507 591
227 979
410 464
61 67
542 265
347 471
722 124
139 421
926 421
313 233
161 289
193 749
674 699
643 419
391 350
267 806
465 585
897 161
614 650
812 406
155 442
807 563
837 857
924 73
536 826
188 249
34 11
871 120
656 601
811 710
94 591
613 206
672 956
80 301
458 914
269 182
863 356
389 546
911 735
494 4
268 754
391 903
698 118
394 383
730 386
733 674
461 722
376 587
437 790
430 248
829 984
319 182
32 151
176 228
554 6
111 752
506 168
199 966
113 159
973 463
435 870
497 507
831 279
50 584
57 856
810 532
582 342
605 888
441 306
262 151
283 2
621 69
623 94
548 615
245 713
96 659
332 430
119 730
233 134
541 440
419 111
819 106
521 641
653 461
40 114
214 339
451 469
509 59
182 503
428 277
585 423
91 146
274 118
829 664
45 174
83 845
24 582
624 401
234 696
576 916
442 602
248 259
991 903
472 228
833 735
903 777
366 616
959 766
816 310
555 853
523 699
973 23
663 631
765 259
997 884
53 442
605 809
409 308
385 573
450 57
61 858
914 868
888 557
532 790
207 389
552 402
795 22
495 779
275 900
934 444
452 556
844 308
452 516
535 270
436 568
941 165
16 997
889 29
627 171
160 59
733 682
36 568
66 107
212 244
705 541
845 911
392 169
169 11
366 890
622 784
180 262
570 181
924 155
854 285
802 30
605 684
739 822
550 631
825 754
350 557
742 618
731 259
739 678
15 453
738 520
995 755
549 121
197 142
458 865
631 29
259 407
160 845
450 735
881 269
260 665
693 551
902 704
295 126
848 319
964 116
653 268
118 627
14 571
99 134
773 741
981 760
392 478
347 805
619 304
404 825
545 49
273 372
489 383
507 166
381 764
335 522
826 885
654 228
570 40
738 204
321 637
651 234
66 182
253 264
734 664
832 666
307 631
27 525
187 281
494 853
952 436
145 889
983 489
386 595
467 100
303 428
364 749
867 187
863 85
624 743
851 411
875 491
162 926
942 996
479 653
826 337
30 169
716 624
315 132
311 145
104 150
356 439
229 115
715 957
524 104
149 94
159 220
600 544
457 664
949 113
35 662
555 110
338 232
900 315
87 907
913 959
670 927
400 811
55 621
63 731
343 655
733 260
373 861
100 670
846 569
536 614
958 860
279 145
72 964
88 602
805 341
107 8
673 652
3 347
391 194
294 845
366 565
181 523
659 432
361 656
424 306
320 344
979 466
59 178
443 725
50 435
998 241
727 348
598 295
548 6
455 925
460 559
101 800
849 831
883 182
343 234
898 165
979 230
585 611
786 606
222 624
448 596
653 941
425 180
704 55
698 303
661 327
228 129
165 416
411 47
511 409
845 326
206 226
84 612
623 151
458 574
658 218
692 701
357 349
706 360
564 750
399 194
338 907
529 708
674 302
782 188
440 121
612 531
50 616
389 302
30 798
436 71
409 710
203 858
854 775
935 677
762 628
713 547
82 60
520 606
279 278
951 934
750 439
357 776
374 282
332 925
13 599
744 983
328 676
998 417
669 905
855 906
89 143
447 600
331 68
387 528
186 172
141 163
985 979
800 940
303 526
840 561
819 668
870 55
502 40
727 29
216 343
953 220
177 391
330 230
902 191
761 662
643 206
767 24
232 480
924 632
971 80
68 843
324 180
398 746
913 419
782 269
367 323
110 969
677 147
386 130
507 623
189 370
157 584
504 311
657 496
253 366
854 955
951 694
627 240
207 448
588 631
914 908
224 544
736 762
372 867
401 25
991 450
628 387
886 839
74 790
215 140
53 868
507 787
474 21
657 704
849 522
433 118
597 338
430 862
337 82
345 71
902 612
120 272
81 116
973 215
325 47
233 931
478 548
421 791
498 552
609 158
355 40
349 260
38 141
140 552
860 360
334 154
48 228
357 15
329 965
464 888
665 540
717 945
274 179
413 283
473 9
529 418
346 508
554 491
71 903
456 497
306 480
282 633
307 936
81 681
367 730
524 132
20 828
745 546
564 146
399 377
659 766
554 769
909 213
810 976
288 614
546 458
22 308
136 384
139 959
215 470
452 350
289 119
184 484
866 520
431 700
729 66
491 606
527 740
745 519
508 930
19 480
206 690
158 272
997 616
294 86
663 355
462 902
78 690
36 647
566 533
230 236
395 617
903 700
123 905
14 833
697 518
991 497
679 842
522 289
150 551
926 714
802 971
654 304
765 17
260 813
807 122
201 152
706 913
553 595
546 332
138 172
866 232
334 315
344 287
479 346
748 596
18 769
819 732
174 251
754 152
121 936
394 852
921 595
578 806
745 81
122 764
77 856
38 993
117 407
846 11
708 59
915 866
407 804
960 114
315 167
246 961
999 797
288 850
668 835
645 720
91 653
937 234
248 435
917 46
290 630
804 661
82 101
135 431
285 84
126 960
588 787
323 407
128 372
425 307
921 672
325 417
638 95
600 228
775 615
821 422
702 141
92 886
661 566
246 302
564 220
988 548
410 456
420 575
771 882
722 330
356 110
280 227
917 330
679 298
129 57
249 560
4 83
480 8
111 303
915 84
780 150
980 668
47 799
340 666
511 949
707 937
335 827
436 721
52 122
600 148
188 742
569 394
526 825
694 126
657 246
854 431
942 255
46 394
977 180
978 341
125 108
216 203
905 434
950 993
651 942
651 700
183 980
353 445
523 381
143 747
213 870
861 103
873 16
367 884
398 392
384 829
74 845
165 986
803 854
509 965
385 980
145 107
608 846
656 138
921 281
784 936
41 725
204 192
283 986
524 989
562 830
714 785
159 590
895 736
329 464
650 169
439 826
730 604
731 89
130 608
865 37
61 75
203 844
510 941
827 923
408 493
792 221
729 423
371 184
266 320
572 370
631 276
138 160
837 531
642 913
743 15
63 20
227 466
581 601
555 400
223 870
104 354
893 801
676 925
790 491
871 62
809 466
402 359
213 589
738 64
358 812
566 527
846 416
284 219
256 46
800 215
609 378
366 276
812 150
540 835
588 385
171 988
502 922
487 298
295 520
483 68
760 827
110 290
819 787
205 566
724 454
660 835
914 514
668 25
856 436
495 417
917 686
685 906
194 23
62 622
388 492
260 438
668 206
225 609
155 607
505 238
852 253
32 128
595 470
374 889
899 59
169 19
877 200
421 87
757 425
155 859
183 889
628 324
543 661
258 374
179 613
620 439
407 874
205 827
38 336
43 699
210 474
212 914
295 343
396 71
942 969
304 467
216 864
603 584
747 85
731 342
977 582
998 598
160 462
307 32
338 161
726 568
752 126
998 621
843 110
747 29
665 156
868 850
272 218
529 625
643 962
437 175
672 805
886 396
810 585
208 640
81 820
331 109
944 592
718 815
925 433
639 199
55 358
748 271
284 744
470 835
174 992
671 402
483 611
354 529
904 1
903 445
524 886
694 181
164 482
686 582
493 788
635 670
112 102
192 151
302 323
824 206
783 76
940 492
606 336
673 586
778 325
5 898
574 431
335 614
852 670
397 833
495 825
637 811
657 442
442 199
502 490
331 806
884 971
599 961
596 406
521 487
146 230
488 295
727 454
127 267
817 810
801 15
39 116
886 738
403 188
529 250
708 221
631 825
534 243
78 653
915 609
230 295
438 992
550 237
678 628
457 882
356 704
344 243
41 426
184 151
67 901
15 886
160 72
192 56
401 502
285 166
883 989
75 173
400 724
768 936
270 266
458 897
996 933
610 321
956 788
898 626
674 89
608 74
684 2
948 989
708 687
203 533
153 430
361 991
301 43
762 208
624 218
54 162
173 812
748 158
803 459
321 818
805 555
558 25
652 259
924 802
898 409
49 183
248 580
877 376
985 376
842 152
370 919
980 660
4 96
922 215
97 151
918 619
710 952
757 853
754 692
167 92
862 603
782 110
855 296
22 382
835 790
167 766
269 822
61 266
450 964
106 396
224 364
495 594
130 141
880 3
605 459
395 109
429 264
423 307
719 118
616 866
386 113
778 163
143 291
500 537
233 452
348 72
808 258
374 159
986 22
13 92
957 820
152 13
778 83
737 943
493 267
431 2
149 879
302 387
93 440
84 520
530 874
333 641
350 550
689 622
849 942
922 403
523 75
52 785
476 328
366 378
158 331
726 882
869 622
609 536
29 9
757 968
314 297
875 824
373 985
5 868
631 30
653 684
600 466
641 978
234 40
371 640
498 616
275 718
179 88
350 513
877 191
985 84
537 210
310 641
60 191
566 17
4 358
241 223
645 314
194 499
301 690
414 443
715 232
989 3
420 585
437 992
685 851
538 20
610 238
39 760
321 194
746 726
346 43
855 959
446 19
841 599
863 851
43 936
753 353
791 798
984 783
184 409
602 489
550 187
692 553
844 682
926 665
24 229
56 925
704 140
691 849
382 19
133 419
97 465
853 184
851 885
705 199
974 229
464 114
814 670
199 687
321 14
793 831
38 681
623 607
801 918
543 866
511 404
124 546
952 409
154 279
423 684
684 777
910 380
155 311
790 432
101 533
858 38
597 674
286 302
753 188
424 389
267 605
412 212
791 337
569 984
643 365
814 561
739 472
521 178
433 164
757 626
237 325
403 408
208 551
880 300
79 770
207 139
307 84
216 908
978 112
783 766
203 111
147 244
405 331
357 994
432 764
541 104
540 46
187 923
791 609
831 437
853 548
258 263
336 809
380 735
29 607
135 730
718 292
835 684
852 367
743 891
373 898
662 959
814 818
589 16
526 518
635 193
417 478
997 756
1000 29
50 101
785 268
196 424
573 908
942 464
719 598
499 730
655 566
487 932
714 12
91 667
430 539
928 682
961 316
146 589
594 504
163 521
873 123
711 458
864 1
336 316
466 628
360 57
161 629
320 590
363 505
966 753
390 391
283 380
555 432
379 756
381 243
881 710
758 641
724 679
261 847
28 679
503 731
547 751
601 795
383 280
973 547
591 900
448 608
971 520
518 413
105 806
272 452
885 740
497 901
730 8
223 35
408 284
858 152
994 368
119 465
797 859
474 204
656 895
114 6
477 730
761 247
250 98
106 188
580 737
449 711
696 29
644 572
531 846
117 163
851 735
119 928
426 742
583 572
243 886
530 843
945 197
205 388
696 193
712 415
883 616
71 652
237 184
967 349
865 555
239 980
309 503
789 255
184 939
351 300
949 499
803 648
744 11
207 872
479 999
684 446
22 651
189 845
906 288
834 52
371 523
208 639
775 752
942 204
471 751
410 265
527 653
421 784
616 983
715 381
93 855
22 20
183 164
36 446
706 471
546 433
633 687
66 322
502 732
403 496
735 959
175 907
51 673
751 819
199 834
330 572
574 522
204 169
467 59
892 735
2 659
577 179
111 271
776 409
517 612
641 403
854 570
618 187
171 598
406 284
382 347
270 455
738 599
467 725
824 130
579 904
732 461
594 101
923 451
900 983
410 100
593 266
618 639
920 641
460 568
16 250
328 392
680 782
395 856
106 586
166 197
654 986
303 436
379 776
485 638
386 457
250 698
380 428
79 297
931 421
619 429
444 198
915 767
888 905
798 602
182 814
368 627
486 406
630 570
220 612
51 982
727 752
129 916
312 421
884 205
379 757
354 54
660 395
56 910
698 162
739 767
745 906
596 288
134 52
341 399
434 189
429 766
15 976
953 331
956 678
593 608
146 356
784 188
598 69
911 963
397 734
977 317
633 459
885 23
87 345
379 597
132 310
857 797
794 441
242 73
712 615
406 845
151 283
268 960
435 346
697 245
48 747
360 218
855 525
696 189
647 27
805 314
390 848
428 652
470 265
29 181
312 916
948 439
781 98
5 788
46 22
471 161
401 839
758 970
670 832
323 715
217 481
611 570
949 919
696 852
73 364
395 62
751 994
40 383
654 475
450 579
661 47
915 515
761 459
19 925
314 532
15 464
826 904
98 174
222 171
678 634
609 190
309 166
224 167
431 971
591 56
219 385
875 759
451 96
374 301
989 789
291 86
132 445
362 571
670 528
468 345
70 518
332 440
270 801
480 930
431 654
455 179
989 741
42 294
761 983
659 546
271 593
931 228
776 267
964 43
186 705
124 152
469 176
227 489
176 812
154 236
732 257
579 539
334 685
325 415
944 314
497 491
307 695
344 715
713 931
374 333
900 505
941 982
784 853
11 289
386 83
716 88
717 451
778 438
35 240
273 983
264 440
954 316
205 993
253 326
410 413
593 797
827 459
327 492
818 826
753 132
55 681
226 645
648 390
933 746
573 137
214 786
991 280
955 436
385 220
841 837
130 933
542 834
710 947
161 610
290 376
604 980
832 251
308 851
507 756
52 526
935 336
535 323
765 83
98 487
297 94
125 416
908 58
828 630
991 562
154 728
718 253
713 41
637 536
317 687
452 671
492 283
608 970
465 763
511 110
607 311
974 174
146 480
447 816
493 947
456 799
870 309
658 127
53 480
787 738
169 534
797 117
493 704
758 816
372 286
835 857
238 498
282 703
510 238
708 240
301 342
219 711
399 319
412 29
815 553
300 502
942 432
23 660
371 723
789 153
736 912
95 578
767 36
498 900
11 156
858 533
988 274
145 357
276 555
785 704
364 85
986 188
453 987
704 381
168 322
397 228
543 147
167 731
296 127
200 339
900 587
539 824
864 983
908 478
140 135
793 516
883 1
117 864
523 716
966 985
70 769
885 389
525 131
730 557
121 157
42 814
841 620
485 329
949 851
740 237
627 79
499 327
4 58
596 587
454 998
955 759
974 205
779 84
514 642
372 85
474 892
760 539
389 601
366 96
555 368
444 402
886 206
869 206
552 558
903 616
698 45
578 271
952 884
837 881
876 210
635 671
923 430
535 878
265 621
376 980
575 584
843 315
334 517
115 478
254 968
582 865
656 618
362 410
605 337
372 433
141 927
807 520
174 491
631 403
88 52
585 87
975 980
187 716
560 732
526 776
45 883
699 172
487 809
174 734
99 497
787 765
322 705
610 123
370 939
24 977
828 479
337 587
799 289
286 125
212 684
350 22
141 84
981 455
949 325
17 197
828 951
579 482
290 529
235 102
237 29
363 346
591 533
805 124
36 965
60 262
219 87
281 973
735 43
676 162
429 184
179 306
184 757
173 788
26 976
213 541
157 678
751 32
219 910
712 55
663 39
979 508
886 361
178 740
242 312
715 65
934 550
351 913
550 987
28 277
518 241
356 632
32 161
803 286
690 924
132 202
38 193
374 642
186 860
795 275
310 547
6 716
761 910
645 530
427 734
595 251
280 276
830 865
216 841
973 833
73 127
560 876
106 525
243 667
711 959
880 822
372 170
96 258
363 537
871 657
463 694
630 400
834 169
628 869
257 801
580 833
43 739
787 850
781 85
164 374
105 421
729 504
536 907
872 196
390 350
233 158
882 170
827 533
31 655
188 664
662 907
136 90
565 313
823 226
982 636
704 481
888 148
349 228
504 525
832 871
361 623
43 944
272 65
125 661
947 541
830 938
245 852
897 134
592 432
657 485
625 429
928 378
107 434
165 655
332 908
31 852
366 344
61 752
515 436
563 14
881 393
631 747
206 313
606 391
264 533
374 465
442 596
229 806
283 762
466 704
565 936
455 712
660 486
422 932
567 161
277 968
847 919
721 795
280 540
953 261
563 384
405 329
939 516
733 470
170 723
579 178
334 976
435 90
236 213
543 280
845 437
678 646
790 826
198 142
338 689
174 486
880 223
614 387
719 891
836 174
241 523
208 686
227 473
564 732
741 332
646 978
271 978
840 354
345 529
587 690
555 464
423 722
264 137
951 848
861 115
469 632
933 319
141 988
785 108
786 796
115 690
830 776
156 449
546 444
398 426
143 240
805 235
354 256
982 638
959 488
115 891
206 501
229 259
569 387
989 672
558 751
676 268
430 853
441 335
968 221
663 762
458 200
748 727
830 806
728 818
592 67
637 970
227 428
68 727
447 318
937 203
424 811
834 149
421 579
691 469
931 140
168 128
86 341
1000 483
736 305
511 553
595 324
316 345
123 258
431 39
161 637
600 64
542 70
917 652
103 372
853 893
694 213
582 566
17 649
513 621
876 510
97 943
849 467
343 588
575 481
677 39
986 725
923 637
440 767
688 566
652 410
191 982
818 436
403 132
699 415
475 867
772 212
962 736
620 234
236 605
346 740
111 798
292 860
319 606
60 535
217 978
936 860
224 47
200 221
733 951
30 988
460 88
727 224
760 114
421 613
274 876
773 335
73 261
433 77
115 742
28 294
28 893
113 602
188 76
882 978
791 621
359 764
378 616
146 111
588 816
885 423
535 332
3 660
1 956
527 425
725 187
159 724
464 228
560 897
18 582
610 173
851 40
707 913
301 546
620 742
852 235
262 191
777 318
817 99
747 326
308 685
187 864
86 17
139 627
473 755
722 29
174 330
53 947
12 782
485 995
383 76
204 720
761 342
835 989
233 785
563 655
570 980
713 410
503 354
466 270
291 539
513 164
41 98
970 965
282 411
231 749
586 230
570 764
764 243
484 184
382 501
106 361
369 202
739 783
549 635
882 784
486 330
828 620
586 422
229 59
942 864
14 121
589 349
419 448
835 463
866 762
464 284
751 956
416 46
922 488
403 59
36 851
998 455
256 929
674 66
656 389
207 611
340 950
641 377
918 384
708 382
569 925
769 952
684 151
451 473
18 35
734 532
334 835
92 193
148 250
676 519
634 38
222 19
13 122
354 167
345 911
445 541
907 98
816 996
362 554
275 525
931 472
219 957
393 740
79 794
302 859
250 433
476 132
714 633
4 627
441 980
233 352
339 28
723 77
51 116
989 533
899 423
421 90
231 221
447 907
939 233
631 979
841 867
527 24
115 36
186 551
864 521
612 276
47 68
207 415
634 799
951 267
158 319
828 668
869 424
123 681
473 312
225 841
920 992
281 152
469 757
482 999
291 685
516 587
803 655
610 433
471 113
782 964
56 231
940 680
7 381
580 298
320 335
876 576
183 566
796 809
378 427
251 459
573 426
278 183
746 602
29 87
986 76
302 465
599 245
262 339
419 992
270 479
221 285
610 121
888 338
68 955
154 947
506 413
521 174
860 779
804 256
849 269
211 800
630 945
969 346
999 200
52 864
521 441
440 258
129 734
496 789
982 537
693 562
40 345
186 220
431 324
159 592
810 496
96 910
478 850
739 727
264 161
628 511
783 90
403 130
622 848
511 501
965 986
988 347
148 395
567 941
963 7
617 591
147 327
655 55
637 405
494 126
662 779
639 779
646 174
29 428
356 588
64 524
15 667
378 86
570 537
495 400
279 172
394 568
592 194
553 670
941 463
701 412
93 544
749 183
342 953
325 332
198 151
251 803
833 784
431 662
802 513
513 748
29 550
814 603
313 147
80 351
64 128
699 517
728 409
488 824
617 64
448 338
985 180
545 886
623 712
25 919
650 961
310 954
242 213
610 452
422 246
842 280
405 638
254 742
305 723
252 829
296 230
147 821
457 865
338 504
463 396
541 884
274 451
601 418
708 718
386 10
298 879
848 403
252 574
485 505
123 360
419 846
267 380
489 624
510 991
365 46
187 59
946 616
789 998
397 521
220 159
72 237
461 558
387 173
928 251
329 128
360 67
301 682
575 793
608 830
234 386
144 311
415 688
33 412
436 671
97 861
835 9
699 223
285 514
398 36
504 913
159 591
787 262
88 845
531 201
826 396
226 648
933 869
804 587
99 103
219 452
224 918
950 548
676 447
555 502
339 805
783 395
63 414
883 250
644 173
564 945
131 227
200 570
587 939
512 668
139 392
789 293
554 736
149 677
824 154
881 490
513 431
943 823
565 495
743 195
306 10
843 211
964 126
338 21
627 736
763 411
43 865
954 408
242 68
1 872
784 592
41 841
730 452
69 303
158 226
354 425
572 787
963 248
131 553
849 966
443 308
103 475
973 223
70 196
577 356
385 999
991 930
922 304
655 321
992 390
548 218
388 98
941 770
865 688
583 660
83 182
12 644
539 721
106 117
181 82
937 842
793 24
339 436
778 164
315 411
997 755
319 837
537 159
72 527
566 501
517 680
796 174
266 400
629 669
835 590
858 646
491 426
595 712
865 795
887 472
218 263
182 567
497 302
932 503
34 46
886 81
424 134
930 320
543 365
761 972
89 836
969 844
913 892
617 780
490 963
60 59
629 16
994 510
699 17
180 334
868 304
476 428
86 241
679 786
469 412
334 751
608 792
799 957
751 878
31 827
969 542
607 72
951 568
260 328
350 250
453 390
673 418
962 810
618 260
155 815
422 7
173 5
217 848
63 594
760 359
181 313
363 42
748 817
109 690
140 665
854 270
211 741
865 352
156 490
153 269
687 813
768 490
964 924
286 658
922 792
85 664
938 903
690 5
691 271
657 673
438 789
937 879
895 656
30 208
443 415
760 773
473 234
370 589
793 87
394 96
791 709
403 350
812 627
822 23
749 366
417 231
359 67
873 931
306 718
157 579
848 196
664 475
869 363
619 288
769 839
12 214
440 463
4 803
434 767
370 533
555 469
791 281
524 795
84 305
46 470
635 205
780 760
552 891
224 239
341 298
135 550
396 289
758 946
568 999
632 938
288 103
653 843
381 507
957 119
329 854
109 198
589 219
55 111
161 94
765 797
648 16
951 157
429 724
659 679
866 353
405 619
103 659
219 897
845 915
653 739
317 105
28 834
928 472
97 253
580 625
38 68
357 546
717 40
545 640
589 85
102 124
437 142
200 134
599 723
875 30
541 748
672 772
16 463
353 92
434 345
761 785
629 287
483 187
854 498
946 791
936 20
311 642
916 205
371 894
284 606
89 778
13 195
230 895
695 346
212 330
110 328
24 296
447 576
510 249
393 96
906 237
761 398
270 106
845 155
426 627
957 487
851 955
73 49
677 364
966 346
834 881
646 697
532 608
229 648
81 236
968 488
41 906
644 490
76 641
980 497
692 717
652 628
932 473
85 522
483 422
74 314
565 478
863 568
988 12
34 479
405 131
158 308
52 37
960 920
318 603
783 612
238 44
589 560
257 430
951 231
294 856
697 626
38 687
118 148
747 107
830 936
768 441
772 379
821 237
56 704
497 657
982 274
982 508
769 803
668 160
601 221
115 756
790 353
762 897
348 46
856 247
135 895
902 358
621 448
524 75
8 387
671 393
390 771
512 35
737 135
731 466
796 417
884 107
799 985
976 543
889 423
400 883
202 422
411 734
241 336
752 609
969 636
153 8
774 627
171 258
644 766
808 285
270 646
838 501
736 160
694 614
323 133
773 810
763 382
881 546
176 45
578 368
828 197
117 813
519 24
537 914
568 387
788 170
724 950
489 93
833 167
992 636
453 661
740 788
643 375
112 872
240 557
624 598
837 809
69 369
694 583
962 830
331 118
350 349
565 793
110 366
664 347
117 185
377 662
870 709
101 656
268 323
316 14
308 91
841 570
634 619
612 833
601 95
579 234
240 170
736 739
866 926
787 5
948 109
304 446
235 113
913 136
639 802
510 411
781 341
599 55
140 212
182 101
723 841
71 545
499 977
442 291
262 634
264 335
104 945
292 733
38 25
264 841
569 988
304 510
293 250
401 177
372 438
914 640
583 540
193 582
779 716
295 638
79 487
346 7
944 974
27 190
327 334
464 877
68 264
143 964
923 687
660 291
351 265
28 184
343 140
358 447
899 599
271 122
643 723
927 503
490 453
443 43
1000 239
410 679
605 16
363 544
568 26
513 432
217 707
666 904
88 763
235 54
720 629
143 345
865 891
226 497
435 841
959 417
478 449
696 121
672 270
541 695
157 295
936 114
49 803
962 48
297 638
97 138
869 905
190 301
173 722
310 868
519 582
386 505
759 71
723 173
259 34
781 282
429 558
809 310
359 958
77 860
176 804
757 638
334 952
608 591
717 95
639 645
174 69
487 921
658 524
550 852
443 841
791 839
839 434
496 953
488 190
726 954
647 127
477 534
846 373
312 125
440 40
40 171
11 637
967 521
629 329
143 978
597 99
537 356
869 796
926 495
306 391
541 700
673 955
786 857
733 554
672 594
95 966
958 815
326 517
783 39
563 853
63 328
440 660
267 815
256 105
206 465
368 57
742 153
58 950
650 366
706 818
255 440
687 644
345 763
571 523
849 86
363 748
714 568
531 120
406 608
393 672
248 759
906 959
940 704
540 293
822 129
139 367
98 511
394 949
355 595
102 617
655 518
413 869
88 336
658 328
707 71
706 129
707 427
70 149
561 437
965 142
352 463
916 715
716 604
267 524
557 743
761 489
274 238
480 946
125 80
883 740
990 137
848 726
792 484
341 335
878 192
392 965
880 219
8 757
375 543
639 428
601 529
517 791
423 311
660 695
741 494
655 409
294 304
323 56
578 347
371 408
591 12
102 93
255 747
429 121
193 319
508 310
869 486
775 963
391 60
813 309
548 474
998 173
985 631
153 539
541 947
264 821
805 714
161 598
979 333
498 373
598 913
809 35
614 474
744 894
581 763
692 561
50 42
385 260
87 141
27 92
708 981
41 7
508 291
508 954
755 978
768 768
45 196
773 532
999 723
595 749
526 562
711 578
787 706
839 24
383 153
247 136
174 199
562 953
89 118
589 19
676 399
398 832
651 618
459 817
807 17
459 736
899 679
570 799
551 485
694 25
526 91
772 909
522 538
613 991
136 265
728 734
699 74
513 536
534 124
399 386
619 615
996 536
214 757
719 315
765 540
222 785
66 771
211 989
533 306
662 114
735 15
62 9
429 761
642 867
713 14
634 395
796 701
430 744
406 725
101 896
548 511
266 522
81 174
484 426
893 442
598 152
655 266
560 642
793 71
868 18
560 618
743 733
494 355
971 220
956 106
787 516
377 694
465 782
786 621
907 99
930 841
177 219
556 868
82 982
139 650
423 211
132 990
199 797
589 152
426 903
484 956
721 993
387 675
812 857
274 353
384 101
357 561
763 724
431 716
523 273
501 423
451 468
814 257
101 626
816 10
152 221
41 595
400 23
223 827
97 873
87 515
686 659
228 161
748 141
453 161
332 435
667 830
684 918
562 258
221 626
337 775
366 500
3 420
707 930
632 766
158 161
280 357
1000 475
255 424
884 94
195 422
693 941
371 88
24 649
900 855
720 845
194 851
239 725
785 699
109 652
449 200
256 354
899 857
531 64
36 949
491 963
336 360
316 537
465 658
988 397
85 245
276 754
53 76
717 206
276 928
114 318
19 253
968 846
455 255
450 692
191 538
709 911
661 383
923 995
292 668
897 370
470 532
876 578
158 369
1 765
585 63
589 579
272 829
793 837
877 874
569 621
294 394
356 296
446 468
922 220
317 391
969 270
250 166
209 954
136 723
95 301
206 929
49 107
139 173
892 306
975 299
208 944
958 670
958 506
747 327
145 161
443 273
814 233
917 680
299 446
269 473
813 193
696 168
947 993
824 11
401 57
822 373
328 685
536 136
509 103
567 776
691 408
55 131
517 325
468 778
463 608
297 669
32 894
623 229
288 110
400 93
503 577
225 453
51 646
8 467
438 339
450 487
340 364
801 608
936 218
866 77
401 292
454 191
78 124
642 774
737 848
151 476
935 638
23 403
861 487
609 698
238 577
321 490
599 255
490 792
165 808
74 663
859 178
199 220
752 278
3 379
800 30
890 931
893 62
235 364
671 115
924 315
410 950
60 14
959 174
751 101
550 379
431 472
683 3
950 484
456 31
148 318
866 752
88 254
176 424
441 732
809 797
664 419
575 905
480 611
181 552
265 765
143 369
508 137
834 803
539 177
82 362
63 699
116 172
51 397
20 14
487 639
764 116
134 917
796 574
109 589
837 704
142 638
472 585
700 932
76 145
691 586
908 986
135 778
26 628
176 866
974 954
650 176
582 307
945 721
28 554
886 49
122 813
249 58
734 895
283 129
816 183
554 935
562 900
109 973
549 440
894 430
248 506
569 417
399 153
860 201
422 657
639 541
149 666
104 918
808 354
113 685
531 495
269 649
967 329
645 317
333 130
588 606
325 882
158 353
202 300
485 673
392 917
407 186
975 391
271 731
553 590
14 15
669 274
388 140
408 78
109 778
539 806
28 144
41 162
591 430
994 711
7 168
139 670
347 713
469 139
554 337
677 658
296 833
69 192
469 490
573 660
606 390
312 451
276 357
444 704
947 442
676 78
323 168
461 162
637 630
718 861
650 625
895 269
628 578
587 405
184 307
985 834
45 667
716 914
543 664
848 642
670 316
764 931
903 686
891 262
746 989
751 678
47 687
268 232
179 659
329 515
645 106
735 498
363 45
390 567
10 378
669 360
20 340
628 256
547 227
124 928
170 59
95 113
448 517
301 778
239 705
320 996
490 943
859 969
139 323
399 894
318 181
18 222
140 364
680 668
454 652
547 108
971 594
753 988
160 963
643 801
543 79
182 208
295 17
849 628
611 659
800 94
322 406
393 599
217 431
171 700
112 27
750 699
536 620
238 471
974 764
273 583
288 176
432 961
183 539
117 379
561 863
628 821
977 58
127 709
481 568
322 785
50 194
688 313
911 943
785 480
464 587
433 785
400 698
69 342
733 332
281 908
910 802
218 439
441 916
27 343
735 807
662 547
131 364
873 581
632 483
34 542
294 263
749 75
465 17
841 806
811 11
145 116
41 57
855 400
437 305
817 207
350 710
589 226
34 262
21 204
410 948
754 417
214 106
930 35
520 899
399 788
831 476
427 372
331 900
531 349
684 316
207 234
939 543
825 69
131 212
792 783
680 604
78 707
399 724
532 394
7 957
70 728
989 601
896 638
40 543
656 481
781 843
69 684
417 420
9 465
330 491
450 33
499 334
268 569
337 677
636 948
853 52
662 738
18 67
420 919
639 654
516 670
234 232
16 724
353 430
98 887
133 553
461 55
694 412
927 732
552 15
792 977
202 769
817 243
287 338
774 234
834 131
117 535
842 156
948 230
888 952
515 605
867 453
6 170
422 806
649 450
129 661
228 638
365 296
842 305
893 627
762 493
924 913
585 916
884 791
604 577
753 116
883 868
421 556
156 198
930 510
422 870
140 218
524 717
88 178
981 409
224 678
334 280
794 290
158 124
230 753
643 410
833 16
336 977
24 412
413 471
528 786
430 510
969 122
497 997
217 618
146 966
121 901
918 647
913 864
809 888
833 293
515 597
769 684
808 283
153 400
931 807
387 441
873 335
276 712
734 328
499 38
248 813
958 666
575 67
210 380
662 838
111 97
858 732
360 99
539 678
216 391
625 390
648 129
503 799
91 399
763 263
167 160
649 366
318 308
627 506
329 612
402 93
637 23
441 756
478 90
951 425
399 856
873 500
537 289
270 78
638 788
666 974
36 951
109 111
37 715
305 115
856 860
738 594
268 430
692 706
647 691
763 922
6 798
998 693
285 555
753 865
373 326
905 616
288 906
998 248
313 200
324 934
754 863
827 803
828 861
235 51
426 69
392 973
603 486
365 501
749 399
251 856
158 179
125 493
292 56
947 357
177 233
990 977
170 740
201 608
145 41
646 360
138 579
539 591
383 352
946 312
770 378
835 607
793 100
478 301
943 777
871 775
793 690
28 350
271 256
763 513
35 387
885 25
156 113
819 508
296 289
859 805
1000 172
384 188
735 706
123 139
835 577
487 262
437 19
374 996
232 726
316 102
51 945
304 575
338 632
603 781
313 453
68 625
218 223
800 255
771 588
825 181
464 938
435 155
824 936
73 853
388 627
786 252
994 24
22 312
163 634
231 251
161 126
874 832
980 342
67 489
757 183
432 336
344 555
873 807
98 641
353 997
985 820
238 136
432 994
391 671
445 945
492 71
730 759
263 427
310 718
929 367
164 804
371 65
205 833
659 303
151 139
138 914
962 679
948 990
649 468
182 391
610 523
369 974
46 881
418 213
745 334
646 65
117 154
333 912
94 892
65 79
303 656
525 587
349 981
340 305
967 808
103 604
843 594
171 377
990 689
143 604
6 947
172 94
742 266
63 775
211 183
342 671
983 639
56 435
429 437
115 729
676 389
488 873
346 808
806 238
131 654
813 176
981 339
261 589
743 320
198 685
838 925
777 40
170 968
425 826
138 207
662 528
829 386
469 837
369 394
902 603
727 187
77 917
136 12
899 539
847 347
859 896
889 639
644 583
287 784
882 393
345 880
178 274
905 512
290 661
547 318
924 669
147 392
782 138
772 10
35 936
866 274
617 206
413 202
521 754
412 26
439 533
283 789
709 404
89 977
158 332
633 261
336 841
39 420
470 647
563 959
637 932
852 625
110 430
364 852
389 988
632 411
756 699
637 287
940 474
515 277
876 3
844 8
454 747
316 852
662 730
840 564
85 40
587 524
969 771
666 520
534 522
264 434
734 978
248 1
799 23
316 37
517 439
291 91
765 709
319 121
487 903
315 928
82 557
155 308
747 556
519 723
780 909
390 328
575 51
210 748
627 881
696 141
458 674
398 222
260 695
306 206
865 24
353 892
646 906
154 934
602 370
105 270
563 433
636 992
167 556
460 250
320 459
685 181
101 556
389 710
449 374
577 209
60 303
917 342
762 173
51 538
970 845
628 655
183 953
210 115
462 75
925 760
598 763
388 1000
384 220
899 682
638 33
359 965
19 70
185 531
27 108
452 422
60 286
71 875
751 730
917 43
665 472
166 12
155 111
983 839
924 518
121 921
766 346
27 303
197 189
97 306
502 25
980 383
177 859
688 409
894 32
956 427
94 576
7 148
634 444
523 246
876 556
904 717
857 841
630 427
71 680
755 142
96 22
498 153
273 9
142 116
397 625
471 985
649 617
889 982
536 161
801 864
861 508
735 394
193 207
753 372
707 523
1 840
820 699
374 165
540 474
499 370
307 645
870 155
794 295
972 237
516 173
586 662
669 394
276 607
22 205
15 382
5 209
10 126
736 350
412 829
884 67
311 522
862 100
320 541
36 630
762 395
447 429
836 73
46 927
42 927
941 54
288 839
677 45
143 439
673 269
75 169
373 408
405 123
3 758
94 543
713 256
743 275
792 291
602 972
569 921
240 628
827 839
860 576
112 780
970 892
893 919
440 25
731 392
537 556
305 414
838 42
350 950
782 843
831 111
307 942
471 919
355 856
12 114
45 505
239 605
574 816
411 682
381 241
704 15
818 801
359 110
420 943
747 762
563 830
374 433
276 757
545 288
303 231
865 660
361 694
359 826
597 137
520 37
995 773
795 236
237 32
626 258
644 757
49 516
92 6
38 246
810 654
671 807
329 407
695 176
525 312
802 828
671 542
77 162
537 698
53 473
73 758
416 410
25 67
650 853
445 623
909 207
731 816
489 214
752 779
548 131
448 572
504 685
598 445
661 281
885 61
680 489
840 909
434 33
447 892
283 745
922 631
576 230
486 512
336 69
173 691
554 679
550 457
625 534
723 367
869 199
714 254
120 320
224 370
355 46
311 336
201 359
66 638
894 790
389 647
687 402
594 115
672 252
832 663
821 514
182 844
165 952
266 601
362 645
16 315
562 939
239 847
121 954
58 513
627 548
145 996
555 279
445 756
346 96
814 391
325 86
837 414
706 301
541 954
983 827
777 146
820 407
605 445
259 861
125 371
351 577
116 277
354 530
325 601
834 456
12 526
768 633
107 848
777 238
654 122
693 539
323 62
244 261
915 260
151 874
780 777
520 919
64 881
477 339
585 34
601 658
82 462
6 521
434 339
55 381
161 537
980 118
350 622
729 83
470 268
686 369
989 44
102 537
896 857
714 320
446 517
878 38
643 867
848 876
33 514
682 604
837 820
151 119
145 260
796 23
66 954
822 199
648 144
155 147
198 724
434 437
893 785
174 868
256 495
814 534
915 896
558 803
718 715
228 301
366 301
540 166
852 223
46 500
365 146
952 25
633 932
816 69
983 114
794 493
600 307
372 432
214 369
245 49
364 525
901 515
117 848
854 114
50 863
144 743
600 156
67 823
496 162
803 84
24 564
11 90
547 64
866 525
403 985
465 966
672 451
135 444
374 749
1000 743
390 590
242 418
819 312
750 167
677 979
44 960
264 94
347 424
662 219
595 239
394 743
455 140
758 394
223 120
201 414
9 185
455 652
105 151
92 126
350 554
668 312
753 800
409 135
389 298
686 627
978 374
850 269
626 683
703 581
557 713
907 332
94 517
177 888
576 192
635 319
622 223
498 848
664 679
222 432
324 878
470 778
785 896
464 472
252 227
491 244
1 586
110 751
527 781
754 325
195 107
13 941
955 928
721 630
29 131
218 872
452 369
436 240
57 561
209 437
463 914
48 983
605 160
762 207
877 232
555 224
581 719
250 931
763 910
904 969
862 222
758 93
464 550
372 774
338 318
768 256
300 95
307 947
66 679
135 601
118 261
818 494
330 231
648 694
595 35
624 604
382 311
422 442
517 117
393 181
634 883
635 818
522 960
868 665
850 353
976 812
195 353
903 299
354 427
535 16
23 965
518 679
785 92
387 169
340 427
237 974
431 113
758 738
952 758
921 883
631 708
754 74
60 584
736 642
90 711
286 372
460 909
249 750
368 673
693 591
626 516
944 550
647 7
95 469
704 90
789 896
170 240
941 116
514 696
748 868
974 893
839 584
946 511
652 778
938 901
843 612
86 818
407 757
148 235
200 251
346 19
432 145
33 499
561 206
985 634
854 289
260 62
638 912
179 745
72 678
801 915
543 137
346 467
252 634
67 39
253 475
729 284
590 324
797 830
835 86
444 310
466 46
135 401
372 263
620 548
602 917
53 483
874 922
402 140
851 30
376 242
91 393
199 531
129 211
75 465
345 433
408 17
870 16
759 173
434 296
432 984
71 406
566 99
202 886
307 838
223 604
436 571
856 619
897 241
574 66
681 348
471 526
358 504
784 830
771 483
982 991
674 781
967 940
751 416
454 468
556 488
760 672
150 216
799 573
795 581
626 201
514 164
903 974
502 860
521 1
578 896
696 40
371 161
878 282
270 94
712 495
507 202
799 878
752 418
292 395
207 551
166 991
129 319
149 865
968 108
9 503
297 810
281 563
228 457
326 930
664 793
245 311
487 928
91 910
687 380
388 815
40 935
491 835
783 440
348 307
579 29
726 561
852 142
664 3
666 969
754 434
458 344
765 795
899 170
578 710
781 243
363 776
582 144
591 767
43 266
793 809
768 900
295 858
432 384
243 407
273 772
836 559
258 41
486 241
79 579
6 52
394 577
254 905
523 107
953 875
104 476
921 78
674 432
520 494
410 202
292 674
23 503
981 321
170 663
45 60
789 846
288 287
619 703
377 598
716 436
381 455
489 483
839 187
890 352
871 976
67 670
94 606
707 100
692 71
503 801
770 907
688 713
993 907
257 727
983 374
973 385
310 450
495 30
555 160
826 712
945 790
767 704
473 771
107 838
875 805
88 114
801 467
642 669
251 492
323 556
821 265
386 117
506 34
199 46
311 753
720 697
778 172
604 835
325 635
801 693
289 247
279 715
765 202
565 599
185 794
779 875
815 861
497 84
911 344
810 412
208 146
521 476
476 96
426 79
402 184
71 411
384 606
667 537
900 759
678 353
463 126
71 635
95 962
63 51
503 171
406 362
849 632
837 69
733 547
967 114
273 134
296 706
185 487
665 245
364 96
923 271
141 582
30 450
1000
190 660
527 92
842 307
194 706
899 345
769 900
753 598
423 387
364 647
704 708
791 796
107 650
541 566
7 735
738 183
788 974
213 451
807 550
900 154
559 665
928 229
223 336
247 318
25 47
664 55
114 12
46 771
460 379
589 611
858 474
721 697
380 664
632 587
464 650
871 640
132 696
508 601
907 746
335 801
865 966
15 15
526 846
696 741
888 112
397 404
494 550
156 540
357 394
520 740
955 76
941 623
721 825
334 773
172 532
530 713
282 547
377 583
752 884
85 390
574 44
485 505
567 950
941 492
631 686
932 375
677 228
1000 951
940 544
334 704
971 379
501 622
502 329
251 974
381 217
524 909
22 920
610 298
142 409
662 89
750 203
220 265
157 627
395 532
989 251
214 271
486 650
652 729
388 485
903 272
146 884
459 767
61 37
736 6
670 967
350 529
588 48
826 938
1000 517
407 668
177 205
205 225
502 132
432 346
898 574
727 93
353 23
921 290
228 98
50 501
125 837
888 450
453 815
635 824
634 104
746 251
477 150
979 679
772 589
524 215
279 186
483 396
845 527
754 127
971 196
651 799
330 969
425 77
924 741
348 14
761 912
158 421
950 811
649 512
317 472
653 33
141 579
787 168
176 653
708 967
377 802
516 395
940 494
779 424
911 460
515 527
565 843
313 749
776 668
480 280
629 68
342 345
221 89
436 471
457 11
676 652
648 217
128 319
444 232
145 848
777 480
916 74
950 120
354 116
308 238
704 522
254 17
520 924
271 417
944 902
273 836
262 467
167 561
704 759
972 842
193 298
4 660
774 490
674 468
27 111
530 170
309 857
719 607
919 564
636 395
265 1000
755 558
891 982
978 430
140 210
401 206
755 134
687 501
873 182
199 919
588 392
939 890
895 7
931 394
888 671
616 620
356 562
247 622
542 588
607 564
423 632
626 642
409 656
939 490
208 469
73 932
35 379
203 173
292 622
117 353
290 837
829 859
790 352
397 658
345 982
603 550
115 737
467 268
158 58
274 762
906 204
680 65
591 143
420 861
48 665
215 917
388 550
948 675
286 127
111 333
540 539
230 403
886 53
902 935
619 163
390 89
218 248
620 327
431 87
8 958
788 885
492 494
541 190
267 293
531 940
767 436
279 755
373 393
298 151
642 368
566 754
626 253
826 765
357 952
312 453
716 869
985 759
692 186
304 787
678 508
179 947
442 147
628 191
383 872
799 479
718 79
867 143
953 703
582 7
674 305
569 458
253 738
925 350
253 441
781 108
192 547
893 640
443 615
238 448
442 650
562 876
466 564
603 257
141 850
387 485
186 482
871 279
173 208
244 673
686 962
982 493
956 830
769 424
129 375
316 508
757 950
963 971
897 480
309 357
895 728
618 388
342 17
417 254
840 761
467 747
786 46
24 219
909 186
614 774
468 135
217 411
65 847
414 93
953 259
574 146
139 352
172 885
543 250
59 270
246 316
709 696
170 580
260 217
902 370
310 753
829 699
717 47
730 465
285 516
912 983
664 314
318 329
910 369
183 208
409 309
605 661
670 540
452 674
756 709
177 688
183 870
267 959
480 181
671 648
489 332
401 200
101 828
10 91
868 392
827 244
248 729
848 545
280 740
671 68
792 254
695 984
403 767
793 479
745 44
996 583
822 16
795 369
67 516
662 282
257 400
36 902
584 562
830 453
179 546
112 342
854 780
838 570
254 436
307 352
197 990
188 606
541 865
785 912
526 206
568 110
287 25
749 854
357 557
38 176
716 878
275 887
553 824
364 5
738 138
572 36
294 504
27 200
342 176
455 362
345 431
18 829
800 672
694 926
673 277
812 679
682 49
497 297
290 195
470 925
80 177
626 129
5 609
748 65
931 579
302 685
955 947
930 851
210 890
690 527
120 390
617 271
788 935
92 901
153 882
61 49
827 466
500 732
817 451
878 332
857 6
696 534
313 323
582 974
12 501
639 708
516 577
709 3
79 350
964 362
25 179
672 774
290 761
325 320
496 617
645 121
633 520
606 933
217 925
246 918
985 881
876 390
538 438
492 313
778 681
343 924
809 957
817 626
903 514
625 240
779 210
273 44
306 199
714 89
647 727
44 862
380 845
653 773
564 490
986 892
456 464
58 655
308 390
144 810
58 530
956 900
940 254
677 963
219 348
960 660
91 306
217 863
434 987
656 971
529 425
944 398
603 269
38 783
235 160
922 13
632 352
654 232
1 583
117 858
108 376
639 795
895 716
288 684
175 142
735 851
594 357
511 206
357 149
929 30
772 409
777 367
536 74
860 952
728 235
883 782
233 847
952 904
881 978
341 239
403 834
729 624
64 50
730 273
827 768
644 649
795 913
84 41
551 815
22 783
631 704
72 990
555 419
266 57
899 688
619 225
267 737
946 576
668 910
179 828
438 264
529 300
112 372
107 773
31 134
788 71
287 896
216 435
801 273
269 526
881 162
598 15
385 823
912 787
395 815
170 721
904 368
478 774
568 600
213 174
406 589
515 558
114 398
332 148
864 915
105 116
391 761
825 744
65 258
30 234
31 453
320 568
23 781
392 953
975 900
855 174
635 853
499 928
873 426
660 261
125 499
674 821
710 259
814 66
667 713
213 187
903 704
810 865
645 146
710 725
409 158
170 46
395 728
408 118
201 805
991 165
33 228
726 938
219 840
663 449
294 584
605 277
43 549
463 544
224 267
412 660
48 923
602 810
325 929
641 752
684 809
641 51
288 303
242 583
115 815
114 198
394 373
932 438
100 954
319 253
705 79
234 38
194 718
855 37
123 33
861 966
569 384
375 383
197 506
466 622
223 259
970 604
145 723
610 19
883 159
576 161
14 232
563 237
798 429
799 821
472 46
168 500
311 230
525 204
687 602
413 605
118 404
311 88
90 727
893 540
47 383
584 305
757 121
394 228
3 59
773 114
797 230
101 426
773 186
804 163
416 316
200 821
929 349
565 142
213 319
921 977
113 900
177 975
595 87
295 810
155 976
402 992
517 957
293 624
94 546
545 560
353 436
326 41
751 623
396 999
513 742
798 66
491 175
627 376
106 151
376 57
176 731
402 390
64 422
348 994
585 996
368 771
180 88
503 970
790 123
810 772
982 359
903 342
600 374
483 537
635 70
35 614
751 562
172 526
577 605
494 606
857 402
590 135
797 469
610 358
174 431
156 582
839 134
252 728
941 789
248 130
908 314
274 677
509 708
733 549
545 251
244 198
113 782
246 911
161 879
554 776
600 255
441 80
882 494
307 834
177 509
889 923
175 306
386 167
497 488
471 462
973 447
212 893
357 574
5 434
112 389
982 982
637 603
422 359
6 852
112 352
727 449
1 755
907 115
761 944
98 72
794 389
412 625
618 368
513 619
904 138
86 143
712 189
616 23
16 371
118 411
875 930
256 217
888 663
353 711
288 504
505 898
99 67
591 483
207 337
980 436
454 371
61 748
41 637
938 295
506 485
397 393
66 396
116 181
410 418
776 867
917 507
339 537
878 1
633 818
298 540
106 745
93 950
817 205
680 808
640 746
588 162
214 731
331 910
75 884
282 50
781 927
127 286
310 31
444 983
93 435
241 679
937 622
215 601
82 179
944 689
367 309
74 973
203 521
437 34
438 364
825 854
185 623
494 606
739 224
558 228
610 749
978 861
309 793
955 720
392 583
659 2
904 42
488 531
256 235
190 268
805 924
192 924
557 125
829 410
931 220
112 727
41 581
679 579
250 182
105 375
437 897
77 990
565 597
733 108
481 33
248 443
248 961
172 240
533 400
830 829
428 290
857 999
344 561
700 886
292 118
628 959
817 801
279 576
388 427
507 489
190 253
790 244
155 923
215 878
729 327
489 722
596 596
426 980
847 839
817 4
791 477
564 43
925 232
85 964
610 593
779 507
341 205
450 718
803 818
923 361
810 255
989 779
352 453
21 792
238 741
206 696
590 378
689 359
31 253
447 667
102 534
721 464
450 318
995 491
833 146
597 159
902 255
302 699
348 404
156 305
681 629
632 478
403 863
604 353
754 432
237 193
282 949
74 311
103 887
601 124
271 451
412 797
223 802
269 550
317 331
240 744
465 767
278 94
951 470
554 297
759 19
591 598
149 860
956 175
706 685
703 831
901 162
786 281
939 202
896 730
767 45
134 458
391 498
391 228
871 743
736 53
536 155
687 896
880 33
987 193
398 321
152 750
988 489
846 472
233 788
772 351
785 127
521 737
815 629
627 83
622 185
267 825
771 46
855 174
679 413
266 662
608 602
159 937
426 87
413 12
104 328
261 688
519 576
279 909
505 358
358 114
267 88
934 254
870 419
200 141
825 327
807 610
559 525
68 758
598 417
381 340
936 831
832 862
984 82
842 667
328 916
703 929
145 269
800 704
60 440
423 378
262 839
115 39
890 363
111 61
202 468
696 96
35 891
344 990
310 299
614 361
959 123
916 148
680 974
207 417
897 334
515 896
121 419
131 328
848 61
696 247
244 616
929 13
857 316
315 757
109 40
572 444
